climate_suitability.asc
NCOLS 360 
NROWS 150 
XLLCORNER -180 
YLLCORNER -59.999992177 
CELLSIZE 1 
NODATA_value -9 
[rows 0 to 27 of 150, columns 252 to 314 of 360]
-9 -9 -9 -9 -9 -9 -9 -9 -9 -9 -9 -9 -9 -9 -9 -9 -9 -9 -9 -9 -9 -9 -9 -9 -9 -9 -9 -9 -9 -9 -9 -9 -9 -9 -9 -9 -9 -9 -9 -9 -9 -9 -9 -9 -9 -9 -9 -9 -9 -9 -9 -9 -9 -9 -9 -9 -9 -9 -9 -9 -9 -9 -9
-9 -9 -9 -9 -9 -9 -9 -9 -9 -9 -9 -9 -9 -9 -9 -9 -9 -9 -9 -9 -9 -9 -9 -9 -9 -9 -9 -9 -9 -9 -9 -9 -9 -9 -9 -9 -9 -9 -9 -9 -9 -9 -9 -9 -9 -9 -9 -9 -9 -9 -9 -9 -9 -9 -9 -9 -9 -9 -9 -9 -9 -9 -9
-9 -9 -9 -9 -9 -9 -9 -9 -9 -9 -9 -9 -9 -9 -9 -9 -9 -9 -9 -9 -9 -9 -9 -9 -9 -9 -9 -9 -9 -9 -9 -9 -9 -9 -9 -9 -9 -9 -9 -9 -9 -9 -9 -9 -9 -9 -9 -9 -9 -9 -9 -9 -9 -9 -9 -9 -9 -9 -9 -9 -9 -9 -9
-9 -9 -9 -9 -9 -9 -9 -9 -9 -9 -9 -9 -9 -9 -9 -9 -9 -9 -9 -9 -9 -9 -9 -9 -9 -9 -9 -9 -9 -9 -9 -9 -9 -9 -9 -9 -9 -9 -9 -9 -9 -9 -9 -9 -9 -9 -9 -9 -9 -9 -9 -9 -9 -9 -9 -9 -9 -9 -9 -9 -9 -9 -9
-9 -9 -9 -9 -9 -9 -9 -9 -9 -9 -9 -9 -9 -9 -9 -9 -9 -9 -9 -9 -9 -9 -9 -9 -9 -9 -9 -9 -9 -9 -9 -9 -9 -9 -9 -9 -9 -9 -9 -9 -9 -9 -9 -9 -9 -9 -9 -9 -9 -9 -9 -9 -9 -9 -9 -9 -9 -9 -9 -9 -9 -9 -9
-9 -9 -9 -9 -9 -9 -9 -9 -9 -9 -9 -9 -9 -9 -9 -9 -9 -9 -9 -9 -9 -9 -9 -9 -9 -9 -9 -9 -9 -9 -9 -9 -9 -9 -9 -9 -9 -9 -9 -9 -9 -9 -9 -9 -9 -9 -9 -9 -9 -9 -9 -9 -9 -9 -9 -9 -9 -9 -9 -9 -9 -9 -9
-9 -9 -9 -9 -9 -9 -9 -9 -9 -9 -9 -9 -9 -9 -9 -9 -9 -9 -9 -9 -9 -9 -9 -9 -9 -9 -9 -9 -9 -9 -9 -9 -9 -9 -9 -9 -9 -9 -9 -9 -9 -9 -9 -9 -9 -9 -9 -9 -9 -9 -9 -9 -9 -9 -9 -9 -9 -9 -9 -9 -9 -9 -9
-9 -9 -9 -9 -9 -9 -9 -9 -9 -9 -9 -9 -9 -9 -9 -9 -9 -9 -9 -9 -9 -9 -9 -9 -9 -9 -9 -9 -9 -9 -9 -9 -9 -9 -9 -9 -9 -9 -9 -9 -9 -9 -9 -9 -9 -9 -9 -9 -9 -9 -9 -9 -9 -9 -9 -9 -9 -9 -9 -9 -9 -9 -9
-9 -9 -9 -9 -9 -9 -9 0 0 -9 -9 -9 -9 -9 -9 -9 -9 -9 0 0 0 0 0 0 0 0 -9 -9 -9 -9 -9 -9 -9 -9 -9 -9 -9 -9 -9 -9 -9 -9 -9 -9 -9 -9 -9 -9 -9 -9 -9 -9 -9 -9 -9 -9 -9 -9 -9 -9 -9 -9 -9
-9 -9 -9 -9 -9 -9 0 0 0 -9 -9 -9 -9 -9 -9 -9 -9 -9 0 0 0 0 0 0 0 0 0 0 0 -9 -9 -9 -9 -9 -9 -9 -9 -9 -9 -9 -9 -9 -9 -9 -9 -9 -9 -9 -9 -9 -9 -9 -9 -9 -9 -9 -9 -9 -9 -9 -9 -9 -9
-9 -9 -9 -9 -9 -9 -9 0 -9 -9 -9 -9 -9 -9 -9 -9 -9 -9 0 0 0 0 0 0 0 0 0 0 0 0 0 0 0 -9 -9 -9 -9 -9 -9 -9 -9 -9 -9 -9 -9 -9 -9 -9 -9 -9 -9 -9 -9 -9 -9 -9 -9 -9 -9 -9 -9 -9 -9
-9 -9 -9 -9 -9 -9 -9 -9 -9 -9 -9 -9 -9 -9 -9 -9 -9 0 0 0 -9 0 -9 0 0 0 0 0 0 0 0 0 0 0 0 0 -9 -9 -9 -9 -9 -9 -9 -9 -9 -9 -9 -9 -9 -9 -9 -9 -9 -9 -9 -9 -9 -9 -9 -9 -9 -9 -9
-9 -9 -9 -9 -9 -9 -9 -9 -9 -9 -9 -9 -9 -9 -9 -9 0 0 0 0 -9 -9 0 0 0 0 0 0 0 0 0 0 0 0 0 0 0 0 0 0 0 0 -9 -9 -9 -9 -9 -9 -9 -9 -9 -9 -9 -9 -9 -9 -9 -9 -9 -9 -9 -9 -9
-9 -9 -9 -9 -9 -9 -9 -9 -9 -9 0 0 -9 -9 -9 -9 0 0 0 0 0 0 0 0 0 0 0 0 0 0 0 0 0 0 0 0 0 0 0 0 0 0 0 -9 -9 -9 -9 -9 -9 -9 -9 -9 -9 -9 -9 -9 -9 -9 -9 -9 -9 -9 -9
-9 -9 -9 -9 -9 -9 -9 -9 -9 0 0 0 0 0 0 0 0 0 0 0 0 0 0 0 0 0 0 0 0 0 0 0 0 0 0 0 0 0 0 0 0 0 0 -9 -9 -9 -9 -9 -9 -9 -9 -9 -9 -9 -9 -9 -9 -9 -9 -9 -9 -9 -9
-9 -9 -9 0 -9 -9 -9 -9 0 0 0 0 0 0 0 0 0 0 0 0 0 0 0 0 0 0 0 0 0 1.58073185238191e-22 8.51229371732931e-23 0 0 0 0 0 2.3192173344869e-22 3.22869646184509e-21 1.27029221035827e-20 1.55077170990022e-20 1.59583998787928e-20 3.90420808484491e-20 1.18950748060509e-19 1.39713997860383e-19 1.57392592904914e-19 1.69553000419282e-19 -9 -9 -9 -9 -9 1.69553000419282e-19 1.53308165623489e-19 6.73682594356216e-20 4.27201511355792e-20 4.24676012824888e-20 -9 -9 -9 -9 -9 -9 -9
0 -9 0 0 0 0 0 0 0 0 0 0 0 0 0 0 0 0 0 4.45849552843355e-23 1.07598768820965e-21 1.31677319529894e-21 6.30219244601283e-21 9.08541308124701e-21 1.09648271737001e-20 8.8439652154445e-21 1.46929134235022e-20 1.5602264705565e-20 1.63383495128194e-20 1.97107974847607e-20 2.05948205562241e-20 1.91293496049725e-20 1.66222755153555e-20 1.45525884310768e-20 1.58855343434483e-20 2.04334935273102e-20 2.51245975959443e-20 3.00264017486438e-20 4.16060575691979e-20 4.50341541675193e-20 4.57996573019146e-20 8.73933800534217e-20 1.25594625163789e-19 1.38616156856829e-19 1.51966459480453e-19 1.69317602602453e-19 1.69553000419282e-19 1.69553000419282e-19 1.69553000419282e-19 1.67509764937566e-19 1.57848699830176e-19 1.50920770553927e-19 1.20278569013017e-19 5.7800582325347e-20 4.26232274844739e-20 4.24676012824888e-20 3.98157388744486e-20 -9 -9 -9 -9 -9 -9
0 0 0 0 0 0 0 0 0 0 0 0 0 0 7.02519991671287e-23 2.96943965768226e-21 1.24184714816225e-20 2.00511034407912e-20 2.48741595330417e-20 3.19228522478017e-20 3.49429412391186e-20 2.97317091805196e-20 3.04772946644706e-20 3.21060512042797e-20 3.37807907640598e-20 3.19038511111596e-20 3.62549698088405e-20 3.66705056385926e-20 3.70388446169729e-20 3.87915028195457e-20 3.84604652261513e-20 3.74170461761967e-20 3.56154768078862e-20 3.28645086398271e-20 3.39128789762563e-20 3.74757111561353e-20 4.22925791415993e-20 4.80952164715821e-20 5.14669513432452e-20 5.21605004692109e-20 5.23361373752789e-20 6.32836382086138e-20 7.84242753271875e-20 1.07204279841657e-19 1.41422316194083e-19 1.56472412225326e-19 1.59779846372334e-19 1.59918860752425e-19 1.63828479821706e-19 1.63465421649421e-19 1.29400090964274e-19 9.31105037446299e-20 7.09204271756444e-20 4.66465051493712e-20 4.12667428217163e-20 4.13502859138793e-20 3.68094994403305e-20 3.4993998598678e-20 -9 -9 3.4993998598678e-20 3.4993998598678e-20 -9
0 0 0 0 0 0 0 0 0 0 0 0 8.38858312152816e-22 8.9885922248086e-21 1.37830472240155e-20 2.63521757344509e-20 3.3006490929257e-20 3.71008721780086e-20 3.87381299326391e-20 4.17789386724419e-20 3.84058201948252e-20 3.28241401113071e-20 2.99446415054096e-20 3.64077357781489e-20 3.75669443887903e-20 3.71633178962104e-20 3.69227069306421e-20 3.67314741724051e-20 3.63694408828258e-20 3.43969109498753e-20 3.39990901579316e-20 3.44352246367155e-20 3.50383447134696e-20 3.15062219758988e-20 3.33522729958959e-20 3.01523801306458e-20 2.87755272541514e-20 3.1719949524953e-20 4.12254444513637e-20 1.50417458023818e-10 3.70782216499791e-09 1.00489535716445e-08 2.706449459944e-09 6.3422939740241e-20 1.011193292061e-19 1.29626255430519e-19 1.40757892107553e-19 1.43292717753251e-19 1.42295670915779e-19 1.21788896663631e-19 8.29216242122248e-20 6.34782691006674e-20 5.8838512881687e-20 3.85957405935391e-20 2.43071708965981e-20 2.5050044848109e-20 2.38235675662014e-20 3.27047925625503e-20 3.32739645015739e-20 3.49650420567025e-20 3.29457675390845e-20 2.2376803526244e-20 1.13553881705813e-20
0 0 0 0 0 0 0 0 0 0 3.44074682456909e-21 8.03495560200998e-21 9.36126902472673e-21 1.36052832613021e-20 1.51908357191477e-20 1.88601991854272e-20 1.94055490201226e-20 1.90628846128992e-20 1.64385451118683e-20 1.28918658000187e-20 1.00892868639734e-20 8.96503924293287e-21 1.06564250889707e-20 1.45293276521666e-20 1.68624549921866e-20 1.95929425532576e-20 2.02018539186673e-20 1.93245800301713e-20 2.01477216012279e-20 1.99150987648461e-20 2.7819595898275e-20 3.36283336698187e-20 3.21362107666461e-20 2.27442699859576e-20 1.78019562438067e-20 1.45065783960386e-20 1.29216994407718e-20 1.30395056855845e-20 7.09545030589491e-09 2.43543914248289e-07 6.62932526300021e-07 7.67377001454215e-07 5.56877934239311e-07 2.02931996635198e-07 4.94147236481868e-08 5.58410550205039e-09 5.87754240726848e-08 1.5854892937312e-07 4.15955879591073e-09 1.04349785775646e-09 6.11947267921357e-08 1.5245719704208e-07 2.01658988918055e-07 2.64309343618516e-07 5.7568851152396e-08 1.16132188794453e-09 1.12355132602871e-20 1.59657878252476e-20 2.25688986799581e-20 7.01351351332736e-10 1.34675973688294e-09 5.39511284853323e-11 4.47765680138869e-21
0 0 0 0 0 0 0 8.68555553698054e-22 4.57666646479416e-21 9.3204386657673e-21 1.20813044465054e-20 1.32662291773006e-20 1.34598528314099e-20 1.37294000199002e-20 1.37294000199002e-20 1.45522558076916e-20 1.42371151740342e-20 1.47971733512423e-20 1.54249719314355e-20 8.78704812873566e-21 2.94833155323222e-21 2.48828990484335e-21 4.25281071562185e-21 2.64554133446711e-21 4.50908382355478e-21 6.89541509909297e-21 8.84002920270293e-21 1.00232931068913e-20 1.04285796902498e-20 1.81068924020095e-20 3.07820753922113e-20 5.9264721761733e-10 1.94452115452908e-09 9.68744078211622e-11 3.09776240233634e-11 6.23655294684364e-10 3.21690252086319e-09 1.43115211603022e-08 4.61697004670581e-08 2.07589600729955e-07 5.03279866706084e-07 7.70691204709627e-07 9.20509839203763e-07 8.58279805182953e-07 6.92297815255669e-07 5.03141694618359e-07 4.56551695607611e-07 1.45144279196587e-07 2.09925341120948e-07 5.08994856648407e-07 9.98864866903066e-07 1.28093401021078e-06 1.09885528490085e-06 6.3176277320495e-07 9.02626805607653e-08 1.02161911246602e-09 6.25164621625369e-21 8.82025888670295e-21 1.04279217964663e-08 5.30581437971977e-08 4.20015495790293e-08 4.00593490849081e-09 2.86824309574492e-09
0 0 0 3.69974064652808e-23 1.80714399898678e-21 6.44324482288844e-21 9.67050435842662e-21 1.24088486701939e-20 1.33462035783266e-20 1.35958828555802e-20 1.3709237064302e-20 1.39523707622589e-20 1.67916558192747e-12 2.22508078071034e-08 1.45996357749072e-07 9.23805121910097e-08 1.09038940844684e-07 8.64184773449045e-08 3.94976173882663e-08 1.45137096458542e-08 5.63888076983606e-09 7.15043969196986e-10 5.26128192278467e-20 4.18443335813115e-20 3.10055607129403e-20 2.23175371812308e-20 1.14147269903451e-20 9.71617387499573e-21 1.54179540083663e-09 8.43279331636547e-09 2.95583748676506e-08 3.25452364012577e-08 9.11631940617515e-08 1.73906168577154e-07 2.08809677610092e-07 5.81132878122613e-07 5.69476121717911e-07 3.21301410787127e-07 2.72881318586393e-07 2.63987925933929e-07 2.96206385928368e-07 4.63262169752283e-07 8.06145240853277e-07 9.6237882002475e-07 9.8118382091004e-07 9.36864017113476e-07 9.31875781178874e-07 9.30600825209825e-07 1.09895547463193e-06 1.37712832739532e-06 1.46185716428287e-06 1.47585565676729e-06 9.69745864429712e-07 3.6624337563147e-07 8.49230370866093e-08 1.5524154601991e-08 1.53189178969002e-20 1.71959639759445e-20 3.50765137496142e-09 1.75692294064675e-08 1.94018845787359e-08 1.07320631618417e-08 4.50015184432929e-09
2.34539052144372e-21 7.71143876278655e-22 4.25052731659876e-21 1.50953794244856e-11 1.3479863155905e-09 6.87502941590704e-09 1.14983413525321e-08 2.34830819161312e-08 6.05534475922612e-08 9.21584781752278e-08 1.31622120800905e-07 2.07357112622551e-07 2.5856774626591e-07 2.70139504563526e-07 2.40168347698069e-07 2.19903084082235e-07 1.57866535390819e-07 9.43708103614044e-08 9.39045313573304e-08 6.28863837768625e-08 3.09702890157688e-08 5.59750668535614e-09 1.9442253492393e-09 9.50993917623142e-09 8.38751831917057e-10 4.45113341320493e-10 5.37772852419199e-11 7.80729388540107e-10 5.21914184871448e-09 1.80217692189568e-08 2.50089459632334e-08 7.32208679315129e-09 1.44723674977895e-08 9.20726739029923e-09 8.23263810297208e-08 2.04320352239611e-07 2.44889716090244e-07 2.54987200425585e-07 2.59911254682617e-07 2.6078385243544e-07 2.6079042290661e-07 2.60778961778602e-07 2.97320415027899e-07 5.41610248707305e-07 8.70509754972218e-07 9.89920262517697e-07 9.90901980912895e-07 9.90901980912895e-07 1.00615264428092e-06 1.18606494742465e-06 1.4359033797912e-06 1.4715805461501e-06 9.10943409490205e-07 3.42500937674423e-07 8.59893110124794e-08 1.10765213905502e-08 5.62645499170959e-10 4.04922362825712e-09 2.11672604208298e-08 1.65866229684339e-08 1.404944707992e-08 3.90852288600215e-09 2.05941261833309e-09
2.13611023735471e-08 1.56161649396844e-08 1.31105929465901e-08 2.35393481003552e-08 6.96025414381321e-08 1.83642467236188e-07 2.71488004000497e-07 3.25895929406246e-07 3.77888528099342e-07 3.83673565344885e-07 3.75485337579799e-07 3.37899293697474e-07 2.76646242764156e-07 2.70864133410332e-07 3.06463660288688e-07 5.13586879226297e-07 1.0905979166486e-06 1.42216778572164e-06 1.1207932399994e-06 7.48016037318513e-07 4.19097647967491e-07 1.62154988172683e-07 8.60690855534356e-08 3.06129641291254e-08 2.42288932992391e-08 1.0469355613552e-08 1.39640520162875e-09 1.64563249744223e-09 1.54540183409979e-09 7.24833088238841e-10 2.16896562469873e-10 6.65819491890243e-10 1.37934033482946e-09 9.07905526836991e-10 7.72207765183016e-09 3.74163829987346e-08 7.27959069709585e-08 1.47153653166025e-07 2.37026881725837e-07 2.51092595485441e-07 2.56984326555432e-07 2.52314837598904e-07 2.49149626575555e-07 2.58847644474793e-07 3.95621731586296e-07 9.42403990091811e-07 9.90901980912895e-07 9.90901980912895e-07 9.90901980912895e-07 1.0164487050342e-06 1.19472751883853e-06 1.30792413567218e-06 9.48725480394527e-07 3.95723416028492e-07 1.16285198439362e-07 4.35291427912119e-08 2.98280591065275e-09 1.03232644691191e-08 1.80518830359789e-08 9.22937977553502e-09 5.08813259661131e-09 1.77363254195013e-09 1.08874983475816e-09
2.09403021759607e-07 1.76847998379652e-07 1.62649592260458e-07 2.20121221162394e-07 3.37635159592984e-07 3.88716857219264e-07 3.86092550380722e-07 3.76971484519806e-07 3.63445429382493e-07 3.31335268765838e-07 3.03792620719602e-07 2.96245880799482e-07 2.6573589318723e-07 3.76268275482771e-07 6.43104213352787e-07 2.03102806568685e-06 4.85552373663065e-06 6.48823428713302e-06 5.04520003728866e-06 3.68793830393665e-06 2.51664537036499e-06 1.33930502883758e-06 7.77953591453022e-07 4.30262412401401e-07 1.10721106789909e-07 1.69457402340046e-08 7.81532884129477e-09 2.97527175310596e-09 4.62366529401005e-10 1.75594889298208e-10 1.11340564180122e-10 2.19342614310933e-10 3.26738110335577e-10 7.18225867458316e-10 1.93295873331701e-09 5.7681389479721e-09 9.65173107325116e-09 4.06925015315227e-08 1.109264713177e-07 1.7192601210976e-07 2.17538423844898e-07 2.28852413732979e-07 2.33418374874358e-07 2.30229110717866e-07 2.46125937403045e-07 6.93140185892604e-07 9.25322451962827e-07 9.8042384814475e-07 9.90901980912895e-07 9.90901980912895e-07 9.90901980912895e-07 9.90901980912895e-07 9.80570699619519e-07 6.20723027732846e-07 2.85531179729007e-07 1.28330835391435e-07 2.25201787527145e-08 3.46416115457856e-09 4.61396101065737e-09 5.7047413965324e-09 1.59529517421097e-09 4.85455328900912e-10 2.9131629254106e-10
7.97006444142594e-07 9.05656133173361e-07 9.78710307132709e-07 8.25323392642513e-07 8.22816548352098e-07 7.0445814225517e-07 6.5248712116972e-07 6.30154642216572e-07 6.00386233847205e-07 5.08051874861083e-07 3.74076397903547e-07 4.03652026659334e-07 3.2030699293105e-07 6.95884201036459e-07 1.66978725343166e-06 9.51825332795077e-06 3.33837142669928e-05 3.56041872110526e-05 1.36735654909409e-05 5.34890846490271e-06 4.04143490007282e-06 3.08900516934215e-06 2.31062075400264e-06 1.2570175284699e-06 3.14777510059674e-07 2.86110209017371e-08 1.13910430093445e-08 2.38808093549681e-09 1.46115623255119e-10 2.84500992642905e-13 2.84500992642905e-13 1.06262835586009e-12 3.24311810662847e-11 1.650770004217e-10 3.6571365401842e-10 8.98573253491395e-10 3.20063649295788e-09 9.60675216674954e-09 2.81284765342719e-08 6.88276858234181e-08 1.08998404719652e-07 1.23975692917254e-07 1.11750842540454e-07 9.01306163468241e-08 1.06875869327933e-07 2.96942519769628e-07 5.0000392040203e-07 7.40413864362357e-07 9.18987470608985e-07 9.88764078278955e-07 9.90901980912895e-07 9.90901980912895e-07 9.85011785622213e-07 8.93572474409019e-07 5.64286000375044e-07 3.6821099292646e-07 7.68563845239748e-08 1.53177608073715e-08 9.17325486351411e-09 3.44560949925175e-09 5.47110335624499e-10 2.56511577147249e-10 1.74352753844602e-10
4.21414603874353e-06 4.51809242114075e-06 4.58051426353545e-06 3.88223195103237e-06 3.28981007802886e-06 2.75188430455368e-06 2.47020047732688e-06 2.46967934421438e-06 2.4588517150159e-06 1.87725063613543e-06 1.14760630077581e-06 1.0964263564818e-06 1.07650225159257e-06 1.32024837617219e-06 2.68918278698506e-06 1.77144329379359e-05 6.15859810512302e-05 5.89173444664838e-05 2.11963531912457e-05 7.09378486715529e-06 5.41642215707665e-06 4.7921375805817e-06 3.71794299520436e-06 1.29414121137538e-06 3.83988908767433e-07 3.57727350260323e-08 7.34183123686802e-09 1.05215560664876e-09 8.88364517465099e-11 3.03266858962451e-13 2.87643702300198e-13 2.84147279755015e-13 2.8443856400919e-13 3.45361177109665e-13 1.18054142978226e-11 1.51586083654526e-10 4.39365790822896e-10 1.39290104571199e-09 4.34162004485387e-09 8.53039712859042e-09 1.20885525591137e-08 1.32324122185104e-08 1.12271868000305e-08 7.64531500261311e-09 6.16061750900818e-09 1.39409752870601e-08 4.14939326557108e-08 1.92613225999073e-07 5.33204541285116e-07 8.00714186306673e-07 8.27326903920577e-07 7.71585538956161e-07 7.02079620477103e-07 6.75440957016797e-07 6.90119645383415e-07 5.69793692880317e-07 1.16557495069989e-07 2.78684225307942e-08 6.23047406282113e-09 1.60804410589348e-09 6.61393759493606e-10 4.95042713296035e-10 4.6071534721488e-10
8.09602317864459e-06 8.20485562048154e-06 7.6524904077218e-06 6.32918661059043e-06 5.54097495279503e-06 5.15182945030591e-06 4.90764380574962e-06 4.89558725604831e-06 4.7228356276003e-06 3.12928523593202e-06 2.295148438134e-06 2.26457949611303e-06 2.18849933176915e-06 1.93314576546397e-06 2.24928170507432e-06 9.12042119174021e-06 2.0725243388472e-05 1.74466512040786e-05 9.69005722892216e-06 4.83056070058449e-06 5.01611305347254e-06 5.4023735930814e-06 4.12484682770542e-06 1.94166734189106e-06 4.79454886936092e-07 3.01499410087699e-08 2.95918711338214e-09 2.58523141457146e-10 6.92101111719141e-12 3.07437207780885e-13 2.88342108400018e-13 2.84068673944926e-13 2.844246904595e-13 2.84500992642905e-13 2.84500992642905e-13 2.58773305519823e-12 5.86399531651504e-11 2.94382947691426e-10 7.2572971058963e-10 1.73250386416638e-09 3.27079375193493e-09 3.75221567902804e-09 2.47117599705663e-09 1.14311947915668e-09 4.17083848244526e-10 5.92685881468051e-10 2.90259013340313e-09 1.82786521529866e-08 1.07522515870436e-07 3.13457474153247e-07 4.03938647449826e-07 3.57755860501662e-07 2.86224615476299e-07 2.70007659310424e-07 2.89735147693829e-07 2.3585722833246e-07 4.81930338541047e-08 2.10449462763953e-08 3.9290505645902e-09 8.46475494707236e-10 6.22034979080865e-10 6.22034979080865e-10 6.22034979080865e-10
