climate_suitability.asc
NCOLS 360 
NROWS 150 
XLLCORNER -180 
YLLCORNER -59.999992177 
CELLSIZE 1 
NODATA_value -9 
[rows 0 to 27 of 150, columns 63 to 125 of 360]
-9 -9 -9 -9 -9 -9 -9 -9 -9 -9 -9 -9 -9 -9 -9 -9 -9 -9 -9 -9 -9 -9 -9 -9 -9 -9 -9 -9 -9 -9 -9 -9 -9 -9 -9 -9 -9 -9 -9 -9 -9 -9 -9 -9 -9 -9 -9 -9 -9 -9 -9 -9 -9 -9 -9 -9 -9 -9 -9 -9 -9 -9 -9
-9 -9 -9 -9 -9 -9 -9 -9 -9 -9 -9 -9 -9 -9 -9 -9 -9 -9 -9 -9 -9 -9 -9 -9 -9 -9 -9 -9 -9 -9 -9 -9 -9 -9 -9 -9 -9 -9 -9 -9 -9 -9 -9 -9 -9 -9 -9 -9 -9 -9 -9 -9 -9 -9 -9 -9 -9 -9 -9 -9 -9 -9 -9
-9 -9 -9 -9 -9 -9 -9 -9 -9 -9 -9 -9 -9 -9 -9 -9 -9 -9 -9 -9 -9 -9 -9 -9 -9 -9 -9 -9 -9 -9 -9 -9 -9 -9 -9 -9 -9 -9 -9 -9 -9 -9 -9 -9 -9 -9 -9 -9 -9 -9 -9 -9 -9 -9 -9 -9 -9 -9 -9 -9 -9 -9 -9
-9 -9 -9 -9 -9 -9 -9 -9 -9 -9 -9 -9 -9 -9 -9 -9 -9 -9 -9 -9 -9 -9 -9 -9 -9 -9 -9 -9 -9 -9 -9 -9 -9 -9 -9 -9 -9 -9 -9 -9 -9 -9 -9 -9 -9 -9 -9 -9 -9 -9 -9 -9 -9 -9 -9 -9 -9 -9 -9 -9 -9 -9 -9
-9 -9 -9 -9 -9 -9 -9 -9 -9 -9 -9 -9 -9 -9 -9 -9 -9 -9 -9 -9 -9 -9 -9 -9 -9 -9 -9 -9 -9 -9 -9 -9 -9 -9 -9 -9 -9 -9 -9 -9 -9 -9 -9 -9 -9 -9 -9 -9 -9 -9 -9 -9 -9 -9 -9 -9 -9 -9 -9 -9 -9 -9 -9
-9 -9 -9 -9 -9 -9 -9 -9 -9 -9 -9 -9 -9 -9 -9 -9 -9 -9 -9 -9 -9 -9 -9 -9 -9 -9 -9 -9 -9 -9 -9 -9 -9 -9 -9 -9 -9 -9 -9 -9 -9 -9 -9 -9 -9 -9 -9 -9 -9 -9 -9 -9 -9 -9 -9 -9 -9 -9 -9 -9 -9 -9 -9
-9 -9 -9 -9 -9 -9 -9 -9 -9 -9 -9 -9 -9 -9 -9 -9 -9 -9 -9 -9 -9 -9 -9 -9 -9 -9 -9 -9 -9 -9 -9 -9 -9 -9 0 0 0 0 0 0 0 0 0 0 0 0 0 0 0 0 0 0 0 0 -9 -9 -9 -9 -9 -9 -9 -9 -9
-9 -9 -9 -9 -9 -9 -9 -9 -9 -9 -9 -9 -9 -9 -9 -9 -9 -9 -9 -9 -9 -9 -9 -9 -9 0 0 0 0 0 0 0 0 0 0 0 0 0 0.0070134630073642 0.0473739933918425 0.0529223969239432 0.0399767990829175 0.0361536213408023 0.0250592990721245 0.00701461469460707 3.98168848252783e-07 1.54648852427117e-08 0 0 0 0 0 0 0 0 0 0 0 0 0 0 0 0
-9 -9 -9 -9 -9 -9 -9 -9 -9 -9 -9 -9 -9 -9 -9 -9 -9 -9 -9 -9 -9 0 0 0 0 0 0 0 0 0 0 0 0 0 0 7.39224551679695e-06 0.0144750666307641 0.0154884504805237 0.00233782744010673 0.0157913746151642 0.0176408475520728 0.0133256363889772 0.0120512402989804 0.0083531226926184 0.00233821133691148 1.32723314896457e-07 5.15497594277616e-09 0 0 0 0 0 0 0 0 0 0 0 0 0 0 0 0
-9 -9 -9 -9 -9 -9 -9 -9 -9 -9 -9 -9 -9 -9 -9 -9 -9 0 0 -9 0 0 0 0.00767408860426172 0.132689837733597 0.0915866311165642 1.50749055083198e-06 0 0 0 0 0 0 0 0 1.30451990179022e-06 0.00255443524659246 0.00273351906583844 0.000809360165686108 0.00977379545638381 0.0136503624159561 0.00710797777672223 0.00581795159464364 2.44338844076946e-06 3.91733945790495e-07 0 0 0 0 0 0 0 0 0 0 0 0 0 0 0 3.01221394105661e-06 0.00285131566181832 0.026376145903007
-9 -9 -9 -9 -9 -9 -9 -9 -9 -9 -9 0 0 0 0 0 0 0 0 0 0 0 0 0.000403904961308324 0.070875112222873 0.219366243167718 0.148783477682214 3.38415342916036e-07 0 0 0 0 0 0 0 0 0 1.31872563020573e-08 4.25984899658838e-05 0.000514417369829933 0.000718450018989815 0.000374109244359398 0.000306212194686318 1.28601162238619e-07 2.06178599670845e-08 0 0 0 0 0 0 0 0 0 0 0 0 0 8.95479529968882e-05 0.0193772769070074 0.176053634652524 0.459633216239228 0.812698763939489
0 0 0 0 0 0 0 0 0 -9 -9 0 0 0 0 0 0 0 0 0 0 0 0 0 0 0.0012507631578125 0.0237672728742231 0 0 0 0 0 0 0 0 0 8.96390012325616e-05 0.00169691788573398 1.8400853126702e-07 0 0 0 0 0 0 0 0 0 0 0 0 0 0 0 0 0 1.43440089599723e-08 0.130795129626445 0.635995261532235 0.873604340511492 0.995703995227814 0.995703995227814 0.995703995227814
0 0 0 0 0 0 0 0 0 -9 0 0 0 0 0 0 0 0 0 0 0 0 0 0 0 0 0 0 0 0 0 0 0 0 0 0 0 0 0 0 0 0 -9 0 0 0 0 0 0 0 0 0 0 0 0 0 2.72540317698198e-07 0.312092446524716 0.77261617980622 0.883137428073283 0.916252025990662 0.956037110237699 0.992720657118174
0 0 0 0 0 0 0 0 0 0 0 0 0 0 0 0 0 0 0 0 0 0 0 0 0 0 0 0 0 0 0 0 0 0 8.4958853013439e-07 4.47209859382958e-08 0 0 0 0 -9 -9 -9 0 0 0 0 0 0 0 0 0 0 0 0 0 0 0 0.0049177455257924 0.131527222776307 0.319284622469697 0.589581406143515 0.927969023283432
0 0 0 0 0 0 0 0 0 0 0 0 0 0 0 0 0 0 0 0 0 0 0 0 0 0 0 0 0 0 0 0 0 0 3.37077195829182e-06 1.77432062699958e-07 0 0 0 -9 -9 -9 -9 -9 -9 -9 -9 -9 0 0 0 0 0 0 0 0 0 0 0 0 0.000320540415553998 0.143609279643015 0.590318016718225
0 0 0 0 0 0 0 0 0 0 0 0 0 0 -9 0 0 0 0 0 0 0 0 0 0 0 0 0 0 0 0 0 0 0 1.52656776682389e-06 8.03560938177773e-08 0 0 0 0 -9 -9 -9 -9 -9 -9 -9 -9 -9 -9 -9 -9 -9 -9 -9 -9 -9 -9 0 0 0 0.072754389068172 0.381332884348621
0 0 0 0 0 0 0 0 0 0 0 0 0 0 0 0 0 0 0 0 0 0 0 0 0 0 0 0 0 0 0 0 0 0 0 0 0 0 0 0 0 -9 -9 -9 -9 -9 -9 -9 -9 -9 -9 -9 -9 -9 -9 -9 -9 -9 -9 0 0 0.0794415080054046 0.42484992849678
0 0 0 0 0 0 0 0 0 0 0 0 0 0 0 0 0 0 0 0 0 0 0 0 0 0 0 0 0 0 0 0 0 0 0 0 0 0 0 0 0 0 0 0 -9 -9 -9 -9 -9 -9 -9 -9 -9 -9 -9 -9 -9 -9 -9 -9 0 0.0139607974077429 0.116645394254652
0 0 0 0 0 0 0 0 0 0 0 0 0 0 0 0 0 0 0 0 0 0 0 0 0 -9 0 0 0 0 0 0 0 0 0 0 0 0 0 0 0 0 0 0 0 0 0 0 -9 -9 -9 -9 -9 -9 -9 -9 -9 -9 -9 -9 0 0.00294576576774626 0.0170540397991982
0 0 0 0 0 0 0 0 0 0 0 0 0 0 0 0 0 0 0 0 0 0 0 0 0 0 0 0 0 0 0 0 0 0 0 0 0 0 0 0 0 0 0 0 0 0 0 0 0 0 0 -9 -9 -9 -9 -9 -9 -9 -9 -9 -9 0 0.0319985188104137
0 0 0 0 0 0 0 0 0 0 0 0 0 0 0 0 0 0 0 0 0 0 0 0 0 0 0 0 0 0 0 0 0 0 0 0 0 0 0 0 0 0 0 0 0 0 0 0 0 0 0 -9 -9 -9 -9 -9 -9 -9 -9 -9 -9 0 0.01085863490134
0 0 0 0 0 0 0 0 0 0 0 0 0 0 0 0 0 0 0 0 0 0 0 0 0 0 0 0 0 0 0 0 0 0 0 0 0 0 0 0 0 0 0 0 0 0 0 0 0 0 0 0 0 -9 -9 -9 -9 -9 -9 -9 -9 -9 0.000274312018547403
1.16998472390671e-10 3.94999527769318e-20 3.44575964638272e-21 9.81926783337372e-23 0 0 0 1.39673301671332e-21 7.82593387791288e-21 6.05792907939666e-21 5.66235544694726e-22 0 0 0 0 0 0 0 0 0 0 0 0 0 0 0 0 0 0 0 0 0 0 0 0 0 -9 -9 -9 -9 0 0 0 0 0 0 0 0 0 0 0.0434662682784971 0.0856447489837938 0.0060124705388338 0 0 0 -9 -9 -9 -9 -9 -9 0
6.44531125609761e-08 4.68260637201045e-09 2.62101877136189e-11 6.08501139111166e-21 2.19287699223689e-21 5.55323189132326e-22 0 1.23767688696374e-22 2.02553046852409e-20 3.817901737289e-20 1.22047665496187e-20 1.67930959201146e-22 0 0 0 0 0 0 0 0 0 0 0 0 0 0 0 0 0 0 0 0 0 0 0 0 -9 -9 -9 0 0 0 0 0 0 0 0 0 0 0 0.0169657733661991 0.0438962602179168 0.0151406061140154 0 0 0 -9 -9 -9 -9 -9 -9 0
5.84018055946251e-07 2.15435773234834e-07 7.16391407690873e-08 2.02352210586044e-10 2.42591400113089e-20 1.43154229008326e-20 9.54767625203713e-21 9.98346515104127e-21 1.34690845003678e-20 2.37808278615371e-20 1.99330967725654e-20 1.15774472378818e-20 7.00929868434142e-21 4.23018295917386e-21 7.75787991464002e-21 9.15535188030497e-21 7.86098652575755e-21 7.90475543918947e-21 4.22673947657387e-21 5.22738860361903e-21 5.05820935943824e-21 2.39014655107651e-21 3.39483424233988e-22 0 0 0 0 0 0 0 0 0 0 0 0 0 -9 -9 0 0 0 0 0 0 0 0 0 0 0 0 0 0 0 0 0 -9 -9 -9 -9 -9 -9 -9 -9
1.00942189321423e-06 8.81992325187675e-07 5.30064198707459e-07 2.28629183249219e-07 3.34409251868508e-08 4.83393296662227e-20 4.41588905979196e-20 4.65404214978578e-20 4.86554419399852e-20 5.13624158416096e-20 5.17674677422592e-20 4.81753973896514e-20 3.75550445705772e-20 2.92860748906119e-20 3.97946687858793e-20 4.26159518851695e-20 3.98483155369163e-20 3.80238838376082e-20 2.43938129803301e-20 2.69212313220758e-20 2.63248091769616e-20 1.88610843918681e-20 1.15825749909352e-20 1.77402207698626e-21 2.04761285971067e-23 0 0 0 0 0 0 0 0 0 0 0 -9 0 0 0 0 0 0 0 0 0 0 0 0 0 0 0 0 0 -9 -9 -9 -9 -9 -9 -9 -9 -9
9.90901980912895e-07 9.90901980912895e-07 9.91468463036274e-07 8.27774725044522e-07 4.24862259151874e-07 2.41902225144588e-07 2.50696655004127e-07 2.71067113553148e-07 2.01218905330837e-07 5.91716146239364e-08 4.87725291780855e-09 6.42211270206223e-11 4.73587373603449e-20 5.03943493194327e-20 4.96833862161717e-20 4.57439833384443e-20 4.86974174782637e-20 4.41805881762206e-20 3.70352939247825e-20 3.51881320040563e-20 3.50230675650369e-20 3.76097671862676e-20 3.46996190717765e-20 1.08476769807904e-20 4.18245014093184e-22 0 0 0 0 0 0 0 0 0 0 0 0 0 0 0 0 0 0 0 0 0 0 0 0 0 0 0 0 0 -9 -9 -9 -9 -9 -9 -9 -9 -9
9.18437785752363e-07 9.88456812864722e-07 9.90901980912895e-07 9.89599768875636e-07 9.38822424183044e-07 7.91109730098403e-07 8.01858550954284e-07 8.26778118088783e-07 7.406582228504e-07 5.24012147511059e-07 2.51009723235857e-07 6.25687480336729e-08 7.31784080732752e-09 3.58011145621724e-10 4.02652812232264e-20 3.90497620572479e-20 4.00965678113808e-20 3.88542209224762e-20 3.58536429497562e-20 3.47809176339363e-20 3.48099713150537e-20 3.69479317541963e-20 4.17784214793781e-20 3.51714618823127e-20 1.62578671332381e-20 0 0 -9 -9 -9 -9 0 0 0 0 0 0 0 0 0 0 0 0 0 0 0 0 0 0 0 0 0 0 0 -9 -9 -9 -9 -9 -9 -9 -9 -9
