climate_suitability.asc
NCOLS 360 
NROWS 150 
XLLCORNER -180 
YLLCORNER -59.999992177 
CELLSIZE 1 
NODATA_value -9 
[rows 84 to 111 of 150, columns 189 to 251 of 360]
0.00141542571415231 1.87168194976211e-05 6.9733751663551e-11 2.89047813282375e-11 2.47264891132229e-11 1.97318958708383e-11 8.73793362686948e-12 9.17485497979349e-13 6.19129101846118e-15 4.43434079713255e-15 5.68779507935482e-14 5.0389610119341e-14 4.39662083692809e-15 6.04856316461842e-15 5.33128514991139e-14 8.89882799015298e-14 9.23704086419918e-14 1.1387427851616e-13 9.52025346687928e-14 4.1767502296977e-15 1.62062191011634e-17 4.71198080987374e-18 1.32058043856848e-18 2.83554757055577e-16 6.34271598452422e-16 9.76268680712104e-14 2.50740330435679e-12 1.72651815363154e-05 9.77820981174285e-05 8.30199090142196e-05 3.51565773406505e-06 2.50444961745524e-18 2.87879902936533e-20 8.15334469920008e-22 2.11129754744711e-22 9.45328972678559e-23 6.14265494611049e-23 3.84727549420344e-20 7.9292721062147e-17 2.06051103836392e-16 2.19030416353479e-16 -9 -9 -9 -9 -9 -9 -9 -9 -9 -9 -9 -9 -9 -9 -9 -9 -9 -9 -9 -9 -9 -9
0.0179924582045818 0.000113307536323562 5.76504827578615e-09 1.99278544753422e-11 1.83429540877383e-11 1.58608107974206e-11 5.22877943534349e-12 8.96424634388614e-13 9.55582261414881e-14 1.034818202071e-12 2.94385654566238e-12 1.62003346839451e-12 1.3976843355996e-13 1.85862733219173e-13 7.71877026913868e-13 9.02912942477288e-13 9.37803574585275e-13 5.40113694710092e-13 1.02446972440357e-13 3.9055766024858e-15 7.21548208157592e-15 4.72860247504689e-17 1.64085517380304e-12 3.31480781369547e-09 6.17128707246259e-09 2.93438750166828e-11 1.89604531889735e-14 3.02712954171987e-13 1.42043230212675e-13 7.56742798442225e-15 1.00604269366224e-17 2.59545493444047e-18 1.5767353742071e-21 1.89448587443635e-22 4.04655031411222e-22 1.70912699205333e-22 4.1824362715574e-22 1.56563107568802e-18 5.04163360903606e-17 2.17179404675246e-16 -9 -9 -9 -9 -9 -9 -9 -9 -9 -9 -9 -9 -9 -9 -9 -9 -9 -9 -9 -9 -9 -9 -9
0.00556388810818238 2.78721341591762e-05 1.04399997366944e-09 9.72341368437688e-12 1.10234402106978e-11 1.04858599629611e-11 5.60384882644709e-12 5.02966742444066e-12 2.24297227272581e-12 7.02781005023766e-12 8.22289479935738e-12 3.93563791870091e-12 3.73163374302353e-12 4.04020075448563e-12 5.79286590545473e-12 5.90520939092775e-12 2.25308379760119e-12 6.94135059165283e-13 3.1384663259154e-13 1.7933492834451e-13 2.42190699685519e-13 1.27987745392424e-13 3.09594032626909e-13 5.98765123313621e-10 1.16670609195908e-09 6.88047897672795e-11 2.96496814205808e-14 3.63778823619603e-16 1.84141615706424e-16 1.58442414351896e-17 4.51323594846128e-18 3.89323295238251e-19 1.28072187005277e-22 3.68775918107087e-21 1.06524771046315e-19 4.90428944252211e-19 2.11961876714128e-18 1.28023029437348e-17 4.7424421549622e-17 5.77581153027949e-17 -9 -9 -9 -9 -9 -9 -9 -9 -9 -9 -9 -9 -9 -9 -9 -9 -9 -9 -9 -9 -9 -9 -9
0.00285887768056055 4.62367853227161e-07 1.99542352157496e-11 8.74877414788157e-12 5.35833463011244e-12 3.58057720517583e-12 9.19848218351739e-12 1.11835938352291e-11 1.08165689687825e-11 9.81382216330843e-12 9.40406190419473e-12 7.49200568423704e-12 1.04396181953235e-11 1.20604769463636e-11 1.05623438340218e-11 1.14774666095743e-11 9.01561164551188e-12 6.83556103968468e-12 6.1856950948175e-12 9.98568743750019e-13 1.23067110731677e-12 1.29209934552651e-11 5.69747285642871e-12 7.25438452728448e-13 4.08539621232103e-12 8.25167127268505e-12 4.01267034298519e-12 1.81966924313447e-12 6.06600543575359e-13 1.62703772655114e-19 1.62609432725776e-19 1.49290060559109e-22 6.18331702847898e-23 9.81730057474739e-18 5.55939746414262e-16 1.02892731854981e-14 1.16995254116185e-14 2.7015061421324e-16 4.74919004671765e-17 -9 -9 -9 -9 -9 -9 -9 -9 -9 -9 -9 -9 -9 -9 -9 -9 -9 -9 -9 -9 -9 -9 -9 -9
3.45269215749108e-10 1.14929619783057e-09 2.21997458796143e-10 7.06747973104091e-12 3.73303220132041e-12 5.30859790162409e-12 1.71736318758708e-11 1.58977703972193e-11 1.54667795193686e-11 2.98001848544479e-11 7.01909888474598e-11 1.35062934310697e-10 9.53877989503933e-11 6.36689360324303e-11 6.51504984077321e-11 4.43181469984139e-11 1.88425263218999e-11 2.15512558817429e-11 1.38423356570419e-11 1.34667673431825e-12 1.12463305104072e-05 7.51437347320347e-06 5.77424719930528e-12 1.21865812207108e-11 8.86545929466845e-06 2.90371226611229e-05 1.72832834226276e-05 1.28741218644438e-06 9.69708159666063e-13 1.23432211903542e-18 1.36939288601352e-22 4.59622503899685e-23 3.57758945029013e-17 6.66904550118899e-16 4.82423860396009e-15 2.69363598953257e-14 5.02663393534446e-14 -9 -9 -9 -9 -9 -9 -9 -9 -9 -9 -9 -9 -9 -9 -9 -9 -9 -9 -9 -9 -9 -9 -9 -9 -9 -9
2.30854257453234e-11 2.97658210931173e-11 3.53669292734711e-12 1.28471672724469e-12 2.6390161649979e-12 4.90663558047135e-12 1.33724685154806e-11 2.50839787798589e-11 3.51704531246836e-11 2.96423607325642e-10 9.61082298619198e-10 1.91270200679346e-09 1.17413630078862e-09 5.74033430915315e-10 9.80490957742409e-10 8.3699776994001e-10 1.81480879517216e-10 1.68276089336224e-10 2.10081953654651e-10 1.37859936197908e-11 0.000218108465044978 0.000142789710807897 2.26334091110437e-10 7.04471407699495e-10 5.474269680419e-06 1.52815652827489e-05 7.16336718379552e-06 7.78431183938785e-08 2.72659326161291e-09 1.54913868205437e-10 3.29570357405665e-21 2.8065845210829e-16 2.58370057714346e-14 1.26371108004768e-13 3.18063904250122e-14 4.70129173491433e-15 -9 -9 -9 -9 -9 -9 -9 -9 -9 -9 -9 -9 -9 -9 -9 -9 -9 -9 -9 -9 -9 -9 -9 -9 -9 -9 -9
4.07375488105817e-10 6.6534392754826e-14 1.41884279156938e-13 8.24895567782622e-14 3.36258291143412e-14 1.78002280869038e-12 6.84094877762364e-12 1.09862583897794e-11 2.17886761322153e-11 8.27865952118596e-10 1.27763625699036e-09 2.553638001114e-10 4.18084530985555e-10 5.78403923810976e-10 1.45999820912015e-09 1.79069201364026e-09 6.68447576636858e-10 7.77794457395609e-10 1.10571972294751e-09 9.25292302154006e-10 3.68941163011253e-05 3.13624741298261e-12 8.59039689712728e-10 2.78587412918143e-09 4.62022330188724e-10 5.40299360386264e-12 7.82955061201927e-07 4.53131535410041e-07 1.54807864446559e-08 8.77883753417318e-10 5.94659280969124e-19 1.80036486913892e-14 2.87921270819219e-13 8.54638510749501e-13 2.85816798634171e-13 -9 -9 -9 -9 -9 -9 -9 -9 -9 -9 -9 -9 -9 -9 -9 -9 -9 -9 -9 -9 -9 -9 -9 -9 -9 -9 -9 -9
1.08322344434081e-09 6.71300966537575e-14 5.16015238456206e-13 8.87198551604324e-13 3.1028899077796e-13 4.3612596776162e-13 3.22964911285147e-12 5.78032895268982e-12 1.38230221939638e-11 9.45483094319685e-11 1.19354424460235e-09 6.79191702725741e-10 1.12567516673449e-09 1.51294454483578e-09 9.17376773981084e-10 3.25374914855018e-10 3.38834524239597e-11 4.96796469773251e-11 2.16046043776648e-10 1.59051496162246e-08 3.58356363098893e-05 3.60442007628079e-12 1.1080238465103e-10 3.16677814380147e-10 9.35104189535908e-12 2.09819958104022e-13 6.89704135000425e-08 3.74175017032256e-08 9.24691913201404e-11 1.59913826671921e-16 5.10533458546174e-15 2.13597288874842e-13 8.0295357920497e-13 8.69085743582808e-13 -9 -9 -9 -9 -9 -9 -9 -9 -9 -9 -9 -9 -9 -9 -9 -9 -9 -9 -9 -9 -9 -9 -9 -9 -9 -9 -9 -9 -9
4.24393837433227e-14 1.90525637956578e-13 1.15360386471486e-12 2.07125143376272e-12 1.20264757871777e-12 2.34006776446692e-13 1.58606606851843e-12 1.6464783750778e-12 5.47000430076953e-12 6.27057925523124e-12 1.06964413574854e-11 2.58069376741593e-11 3.21999220208962e-11 2.20560801893459e-11 1.14689959850472e-11 7.3505252080941e-12 6.22452713460681e-12 2.4990938844249e-11 3.2999449589144e-10 0.000106332972876649 1.52815826663715e-05 1.75493180573015e-11 5.20367331249114e-11 7.63963913061082e-12 9.34205483364785e-13 9.56199983540825e-09 1.82664854315234e-07 1.65186286265236e-07 1.09073715672544e-07 1.50712156515632e-08 8.5850636675132e-13 9.68818318671974e-13 1.197871587232e-12 -9 -9 -9 -9 -9 -9 -9 -9 -9 -9 -9 -9 -9 -9 -9 -9 -9 -9 -9 -9 -9 -9 -9 -9 -9 -9 -9 -9 -9 -9
-9 1.37635316947388e-09 2.97473213203042e-08 6.96065092713197e-08 2.99484821525553e-08 1.0167472782873e-10 1.2351682244734e-13 1.11277496132251e-13 1.07920831571566e-12 2.61457889713904e-13 1.47616632836139e-12 2.83424306513498e-12 5.2183407462357e-12 5.42884158691041e-12 2.78343096457908e-12 3.49653337868031e-12 3.6144961146915e-12 5.12048718449483e-12 2.3797978157957e-11 0.000172576657088984 4.90587334965819e-05 1.82206723283146e-11 5.95704732995902e-11 4.42598866031038e-13 3.64772413145129e-13 1.16886844542172e-08 2.25804331019097e-07 2.03267160486994e-07 1.36941500320452e-07 1.90615467374016e-08 7.74604537554129e-12 1.64229487271431e-12 -9 -9 -9 -9 -9 -9 -9 -9 -9 -9 -9 -9 -9 -9 0.995703995227814 -9 -9 -9 -9 -9 -9 -9 -9 -9 -9 -9 -9 -9 -9 -9 -9
-9 -9 3.37639006472397e-08 2.06412308025551e-06 1.88323677361182e-06 1.24495223634016e-07 1.47440200364683e-09 7.79158856581151e-14 1.99524898279405e-14 7.74370330482512e-14 6.50559125271306e-13 2.91510373766902e-13 1.37481498255371e-12 1.807426234125e-12 8.3325741758683e-13 8.7921987819797e-13 9.09562057000882e-13 6.41191849665709e-13 1.20182927421898e-11 3.48892327163221e-05 2.48790128339067e-05 1.03382176842259e-11 6.4892605819941e-15 3.85752170574845e-16 1.86049807218476e-14 3.59679697459865e-09 5.15412029073525e-09 1.1906962748934e-09 2.96725521085956e-09 0.000649738688276154 3.42066411349109e-05 -9 -9 -9 -9 -9 -9 -9 -9 -9 -9 -9 -9 -9 0.995703995227814 0.995703995227814 0.995703995227814 0.995703995227814 -9 -9 -9 -9 -9 -9 -9 -9 -9 -9 -9 -9 -9 -9 5.56076018565221e-12
-9 -9 2.01154297782581e-07 8.40619816770373e-06 7.37111781119469e-06 4.02948155388103e-07 2.86593300369976e-08 2.63007682983111e-13 2.1185284323483e-14 7.33115919648906e-14 6.08551082297527e-13 1.19970351324516e-14 6.28854613845807e-14 1.78575154005585e-13 1.0496830917898e-13 3.63952570518107e-14 2.59549322320984e-13 1.08378848567847e-13 5.08860847762873e-14 1.36049985752988e-11 6.86728710330287e-10 9.18271104241715e-12 2.17215495130976e-14 5.2516991386011e-15 1.97698633601938e-14 1.93597166676653e-09 1.58405484359192e-09 1.23312554627848e-15 2.80054019295035e-13 0.000349868176931118 1.8419440531636e-05 -9 -9 -9 -9 -9 -9 -9 -9 -9 -9 -9 -9 0.995703995227814 0.995703995227814 0.995703995227814 0.995703995227813 -9 -9 -9 -9 -9 -9 -9 -9 -9 -9 -9 -9 -9 -9 -9 5.56076018565221e-12
-9 -9 1.72868019573719e-07 2.48934968699491e-06 2.15722120340879e-06 1.27056149328323e-07 1.11028972003067e-08 1.62457981497445e-13 7.39942219936295e-15 1.4926328969389e-14 8.97966795694481e-14 1.73981623270908e-15 6.76504493721897e-15 1.19407058132679e-14 1.06521587791909e-15 7.0253030177196e-15 4.2557688226841e-14 1.48915629513903e-14 1.43522887861795e-15 6.33299718685157e-12 5.81890360729593e-12 1.5034951107276e-12 6.71929898434892e-15 1.75770274244396e-15 5.83605780676951e-15 3.64279768767874e-15 2.49174528500151e-15 1.58244452396254e-14 4.02019659841784e-09 7.12128820552552e-10 2.84596443551537e-13 -9 -9 -9 -9 -9 -9 -9 -9 -9 -9 -9 -9 0.135764646518079 -9 -9 0.588383883596965 1.11844995070998e-12 -9 -9 -9 -9 -9 -9 -9 -9 -9 -9 -9 -9 -9 -9 5.56076018565221e-12
-9 -9 -9 4.55663805342591e-08 1.09672579967477e-08 2.805099419962e-09 3.202153292777e-10 1.69907584027397e-14 4.00758015338757e-16 4.85291153732975e-16 1.4362003725492e-17 1.08078200571193e-17 8.19876393625593e-17 1.54373252050956e-16 5.44309116398208e-15 4.52914297666305e-15 4.77278303142831e-16 1.579767753784e-16 4.35122159156314e-15 1.50792094152809e-12 3.05165016995068e-12 2.52806090838896e-13 1.20920578230691e-15 5.63739141798541e-15 1.30262561610033e-14 2.39770582288502e-14 1.21985532345773e-08 2.67562266004635e-07 9.02057439252206e-08 5.65060054230112e-10 1.06658873961213e-14 -9 -9 -9 -9 -9 -9 -9 -9 -9 -9 -9 4.08631001215173e-13 4.08631001215173e-13 -9 -9 1.11844995070998e-12 1.11844995070998e-12 -9 -9 -9 -9 -9 -9 -9 -9 -9 -9 -9 -9 -9 -9 -9
-9 -9 -9 1.14418038776627e-06 6.53847898813849e-07 2.21847406813148e-08 1.27164826589225e-13 1.2578928089375e-15 1.61503726657466e-19 7.31937660246847e-18 6.54182930717194e-18 1.90589548843813e-19 3.1109315419011e-19 7.0928075148761e-19 2.85337571890404e-16 2.92399477137932e-16 1.13671434749571e-16 2.20094355275982e-14 1.21478638868501e-12 1.21497727365827e-12 2.38862674686842e-13 2.05524375876373e-14 6.3981450373895e-14 6.67146412604915e-06 1.40554899353997e-05 2.03500384281941e-06 1.1243908103449e-08 2.73333812927623e-07 1.22860279233273e-07 5.95824392353481e-09 1.41641716748321e-14 -9 -9 -9 -9 -9 -9 -9 -9 -9 -9 -9 -9 -9 -9 -9 -9 -9 -9 -9 -9 -9 -9 -9 -9 -9 -9 -9 -9 -9 -9 -9 -9
-9 -9 -9 4.84940107041209e-05 4.71680859750762e-05 1.8144238037134e-05 1.52130737490279e-10 4.87701511451521e-15 2.18757230858807e-18 1.1071390259593e-17 1.14511683833354e-17 3.81455396541023e-18 1.35632939669288e-18 3.16879083219867e-19 1.21989763156529e-18 1.24899714036663e-17 9.64853682212624e-10 2.01507268762107e-09 4.16276942544003e-09 8.40793406211319e-10 4.24521518388822e-09 4.82416129524961e-09 1.77440479342198e-06 0.00267722941038079 0.00818188029984374 0.00495104328220218 0.000840422770195237 5.32776382040116e-06 1.34782878549435e-07 5.21922590042066e-10 1.16543689456295e-13 -9 -9 -9 -9 -9 -9 2.00465000637718e-15 2.00465000637718e-15 2.00465000637718e-15 -9 2.29970990167638e-13 5.17307008861267e-13 -9 -9 -9 -9 -9 -9 -9 -9 -9 -9 -9 -9 -9 -9 -9 -9 -9 -9 -9 -9
-9 -9 -9 -9 6.9027073903756e-05 1.55238130365085e-05 1.18548822063527e-09 7.60217231747399e-12 1.33627762828507e-11 5.23917872483649e-11 9.44239604075498e-12 1.26439201737065e-15 8.64870160935876e-17 2.74208847133562e-16 6.37679113802354e-10 7.18746717117448e-09 4.99326971111494e-08 9.15165906744308e-08 9.77462550624385e-08 4.49639315208536e-08 7.30963507700519e-08 1.68571778283369e-07 2.00015794692189e-05 0.00012318216116492 0.059501205296355 0.0735783119898845 0.000998562406387543 9.91698323042936e-05 2.38069163239605e-07 2.51376523845048e-11 1.78150417993035e-12 1.69625224205284e-14 -9 -9 -9 -9 -9 -9 2.00465000637718e-15 -9 -9 -9 5.17307008861267e-13 -9 -9 -9 -9 -9 -9 -9 -9 -9 -9 -9 -9 -9 -9 -9 -9 -9 -9 -9 -9
-9 -9 -9 -9 2.90511152787015e-05 1.50242086627759e-05 1.11892875614654e-11 5.55492029291636e-10 1.43348116099713e-08 2.48254651756411e-07 1.65971320340174e-08 3.21075709264534e-14 3.34067535199132e-15 1.64529420182382e-13 7.71654866720771e-08 2.33673303068425e-07 3.88638685173229e-07 5.27098508527987e-07 4.8621418472095e-07 4.46695122159614e-07 2.12224323056127e-07 6.81991136998697e-07 2.6296944877211e-06 2.0310396882271e-06 0.0114641586107486 0.0150574765225929 0.00101010694164231 9.20652149439662e-05 3.41981465490648e-06 3.77777399480252e-09 3.98682628822243e-13 2.08335776184267e-14 -9 6.19801990892236e-08 2.74179702505943e-08 1.18797280907901e-10 -9 2.00465000637718e-15 -9 -9 2.01426204368353e-13 -9 -9 -9 -9 -9 -9 -9 -9 -9 -9 -9 -9 -9 -9 -9 -9 -9 -9 -9 -9 -9 -9
-9 -9 -9 3.17498661921172e-05 2.67704080256843e-05 8.83791091774562e-06 3.34365210676252e-11 9.62784071298694e-09 4.01017134899107e-07 1.39085552043842e-06 5.24873383548337e-08 1.41956080173572e-13 2.99889759715825e-13 9.71369476593403e-12 3.00059585669041e-07 7.86458181638665e-07 1.05887946912849e-06 1.32210100066047e-06 1.64512908452202e-06 9.77310446994113e-07 1.08660012205103e-05 2.03965220824438e-06 4.31081501227992e-07 2.38588299562303e-06 0.00166458190431102 0.00206914174721809 0.000195834149078625 0.000151710959585985 3.25291122711838e-05 1.98402733115489e-06 2.78288480538782e-13 1.44926221877016e-14 -9 -9 8.20716630429668e-08 1.28135007830678e-10 2.93816781336327e-11 -9 -9 9.67260330979263e-14 1.4645016018636e-12 2.47740597634485e-12 -9 -9 -9 -9 -9 -9 -9 -9 -9 -9 -9 -9 -9 -9 -9 -9 -9 -9 -9 -9 -9
-9 -9 -9 2.95464860479787e-05 2.30427465342369e-05 7.20327718841021e-07 1.16689189678426e-07 9.63275250186915e-07 1.92071855393776e-06 1.23527780903134e-06 5.30211060621342e-09 2.20063142566474e-11 6.1545051769808e-09 6.32918311086219e-08 3.21311109732605e-07 6.48863251169036e-07 1.19692963633784e-06 1.63492550882289e-06 1.60228827470782e-06 8.10794808819057e-07 6.65031010001871e-05 3.64225776504315e-06 8.72556058521818e-08 1.52967314168512e-06 0.000224851032890118 0.000370845011186693 0.000245715018200079 0.000155785645054304 4.45873612325993e-05 3.91051190684888e-06 4.61343874061676e-13 5.192031314595e-15 -9 -9 -9 -9 7.17744710757499e-11 -9 4.36709530911713e-16 2.71843582304592e-11 1.35968050732508e-09 1.70992061032352e-09 -9 -9 -9 -9 -9 -9 -9 -9 -9 -9 -9 -9 -9 -9 -9 -9 -9 -9 -9 -9 -9
-9 -9 1.65639721891013e-05 1.44868413868168e-05 5.11689301168169e-06 5.01393484511073e-07 6.65548732449265e-07 2.66939783227008e-06 3.97625258065797e-06 1.89717580408076e-06 6.41910533390634e-07 1.42213288028331e-06 1.13740079972665e-06 2.08084246666253e-07 2.91307482524902e-07 7.14724896841263e-07 1.16701824639652e-06 1.09533483012543e-06 4.31952999671261e-07 2.68841881535609e-07 5.70261130146942e-05 4.56194224069017e-08 6.77436066928813e-08 4.33298898507462e-08 0.000168171840917419 0.000335796493170131 0.000170763252219131 3.81071906487584e-05 2.89537625056318e-06 3.01914324055181e-07 4.59020706127736e-12 1.25245636519058e-14 -9 -9 -9 -9 -9 -9 1.99591472919053e-16 3.34926282420324e-11 0.00621111315112179 0.00227508920900632 -9 -9 -9 -9 -9 -9 -9 -9 -9 -9 -9 -9 -9 -9 -9 -9 -9 -9 -9 -9 -9
-9 -9 3.2689331933819e-05 1.759832581322e-05 8.33638260043195e-07 3.96668314499156e-07 5.07042936471416e-07 1.68745577453805e-06 3.90477149379435e-06 4.86471166084075e-06 6.59198877812988e-06 7.94619201056443e-06 4.17831066509049e-06 4.18023538382644e-07 1.85330096609127e-07 1.28223488871167e-06 2.02819076285354e-06 1.51623183320946e-06 5.59067043375598e-07 6.74549586528726e-08 1.48369619386181e-07 5.04996444099332e-09 2.76214134406093e-08 1.19460891366332e-08 8.43215144387423e-06 8.48360781104602e-05 0.000653865484682836 0.000319300143646431 5.71751155089764e-08 2.55680326878259e-08 3.31608760668218e-08 6.09536119430519e-11 -9 -9 -9 1.22885493719492e-15 7.12208501159754e-16 1.49517538129645e-16 2.68610067746878e-17 4.75593237018796e-10 0.016251022739328 0.0220641168884077 -9 -9 -9 1.33029999460632e-07 -9 -9 -9 -9 -9 -9 -9 -9 -9 -9 -9 -9 -9 -9 -9 -9 -9
-9 -9 2.70138208734784e-05 1.32469104996374e-05 5.83362291803289e-07 1.41803909207802e-08 7.44810634901619e-08 2.88743078273844e-07 1.09813884881398e-06 1.93800270923123e-06 4.10309088913034e-06 5.29766921862232e-06 2.70056316252182e-06 6.03025036235753e-07 1.79828666101036e-06 3.64314390556415e-06 3.45809357865306e-06 0.000358784299507827 6.3934000834154e-05 6.20574714296869e-08 0.000342708974798092 0.00336210481497881 0.00354268456558945 1.91170533660813e-07 6.74272527453989e-07 1.41722462451263e-05 0.000325376725877272 0.000169337129373239 1.95265333674596e-06 2.94241196118925e-06 6.69171201780094e-07 -9 -9 1.34489996128818e-15 6.91530365466838e-16 4.7494583814789e-16 2.45121161036951e-16 4.87793745429545e-17 4.11351657362171e-15 1.14698831061397e-08 0.0755991575610966 0.0371743990845165 -9 -9 -9 -9 -9 -9 -9 -9 4.61946995412854e-13 -9 -9 -9 -9 -9 -9 -9 -9 -9 -9 -9 -9
-9 -9 1.02516354803519e-05 4.63630609796579e-06 6.40866833444612e-07 8.16968729253295e-08 1.24527287123164e-07 8.2925216645803e-08 8.01126755573448e-08 1.00310454999646e-07 3.83568810292466e-07 8.04294207912088e-07 4.11894918861607e-07 2.66791096625628e-07 8.83531329241155e-07 1.5071283873084e-06 1.56473158719392e-06 0.00012059661581827 2.14211552605705e-05 1.13866180739377e-08 0.000124730273523769 0.00135694432805395 0.00648577161371236 0.0420263632861493 0.0499199544634548 8.46349576748292e-10 1.78546225381075e-09 1.22049041208023e-06 5.00653313526463e-06 9.95314494963568e-06 1.23665480522641e-06 -9 -9 -9 4.33372491504844e-12 3.37243327147286e-12 2.29242366140492e-17 2.71777199471539e-17 1.5566476832646e-15 0.00743617189156935 0.266418161968379 0.243366538477955 -9 -9 -9 -9 -9 -9 -9 -9 -9 -9 -9 -9 -9 -9 -9 -9 -9 -9 -9 -9 -9
-9 -9 1.86944913699215e-06 5.58824966423479e-06 5.55071312518741e-06 8.16084236506028e-07 9.18915753743206e-08 7.43563038653134e-08 4.6266939151345e-08 4.94828264943723e-08 6.52660945206925e-08 1.14661839331942e-07 7.96122749953195e-08 3.44868880103478e-08 6.63527507846747e-08 1.22820582092726e-07 2.64448146507163e-07 5.21780302789019e-07 8.4062126850297e-07 1.18979438977342e-06 1.09156188904405e-05 0.000251236588250641 0.054264053318753 0.214462204911139 0.101339393763819 0.00330767098473318 6.85928553752217e-07 6.15288064304343e-06 7.04934325306728e-06 1.16172087453786e-05 -9 -9 -9 -9 2.84789536298002e-12 6.03143583989548e-13 5.13905823444331e-17 2.97664839960692e-10 0.000138628171934886 0.0200773918137388 0.648087977943629 0.59206980234804 -9 -9 -9 -9 -9 -9 -9 -9 -9 -9 -9 -9 -9 -9 -9 -9 -9 -9 -9 -9 -9
-9 -9 -9 4.84397970412174e-06 5.80756854482484e-06 1.105470890016e-06 2.50726457303404e-08 2.08566236179104e-07 5.39661847168034e-07 7.02274955852252e-08 5.07655262204702e-08 5.12209585512757e-08 3.30012912181542e-08 1.19341667070001e-08 1.08360725239541e-08 2.00977891357137e-08 9.92409578901267e-08 5.53825600540854e-07 4.51839672868667e-07 3.75374724698251e-05 0.000298533954518196 0.00312984015021103 0.0260520680893162 0.092920759686543 0.112603077754959 0.000174136754011488 1.73889657517161e-07 6.53124218239159e-06 -9 -9 -9 -9 -9 -9 5.81566461833638e-15 6.69381374335362e-16 6.05460167478084e-16 4.89385132282473e-08 0.000942583761125856 0.0141816895660805 0.699343451007979 -9 -9 -9 -9 -9 -9 -9 -9 -9 -9 -9 -9 -9 2.5873891287959e-06 -9 -9 -9 -9 -9 -9 -9 -9
-9 -9 -9 -9 2.59706478526228e-08 8.47520389501391e-13 4.38054855260525e-13 5.79547859150792e-08 1.18916695471988e-05 1.45468057276614e-06 8.66399961878039e-07 2.59724173605559e-07 6.00800929853097e-08 2.41461399444312e-08 2.03005562630981e-08 3.08142536407856e-08 8.79561511601562e-08 2.0746831031235e-07 6.365351409227e-05 0.000261570682180995 0.000142420369113173 0.000462188464219437 0.00396511420468331 0.0043594663124523 0.00029486558442189 2.81716959747151e-05 0.000113566351560216 -9 -9 -9 -9 -9 -9 -9 1.09564566675498e-11 1.98439775491239e-11 1.99079828384602e-12 0.00785251075387274 0.0493334936175204 0.110026204620629 0.259760398553087 -9 -9 -9 -9 0.126321255631646 0.0285133263780729 0.0101213473827922 0.0402556759886389 -9 -9 -9 -9 -9 -9 -9 -9 -9 -9 -9 -9 -9 -9
-9 -9 -9 -9 2.4797872765894e-14 2.0120865300649e-12 4.16409434993892e-12 3.03792359515589e-06 2.21590686362956e-05 2.92101092058205e-05 1.74737876377466e-05 4.95909849949745e-06 9.74924923237454e-07 8.17037586857401e-08 3.95599110920373e-08 5.46313173825254e-08 2.69041554057412e-06 7.03294123779941e-06 2.45305476065123e-06 2.05648902205955e-07 3.82123312677666e-08 1.15552020359015e-07 7.48641960563507e-09 3.23219129983067e-11 2.71556680823727e-07 4.06008657991314e-05 0.000122155576501657 0.000142481799645747 -9 -9 -9 -9 -9 5.17961889879052e-13 2.99896561638161e-13 7.40881319627332e-14 3.47397353730938e-11 0.0256391827072778 0.191531105931304 0.411330162882419 -9 -9 -9 -9 -9 -9 0.302356819784951 0.293425400768562 -9 -9 -9 -9 -9 -9 -9 -9 -9 -9 -9 -9 -9 -9 -9
