Inputs/climate_suitabilitya.asc
NCOLS 180 
NROWS 90 
XLLCORNER -180 
YLLCORNER -90 
CELLSIZE 2 
NODATA_value -9 
[rows 0 to 26 of 90, columns 62 to 123 of 180]
-9 -9 -9 -9 -9 -9 -9 -9 -9 -9 -9 -9 -9 -9 -9 -9 -9 -9 -9 -9 -9 -9 -9 -9 -9 -9 -9 -9 -9 -9 -9 -9 -9 -9 -9 -9 -9 -9 -9 -9 -9 -9 -9 -9 -9 -9 -9 -9 -9 -9 -9 -9 -9 -9 -9 -9 -9 -9 -9 -9 -9 -9
-9 -9 -9 -9 -9 -9 -9 -9 -9 -9 -9 -9 -9 -9 -9 -9 -9 -9 -9 -9 -9 -9 -9 -9 -9 -9 -9 -9 -9 -9 -9 -9 -9 -9 -9 -9 -9 -9 -9 -9 -9 -9 -9 -9 -9 -9 -9 -9 -9 -9 -9 -9 -9 -9 -9 -9 -9 -9 -9 -9 -9 -9
-9 -9 -9 -9 -9 -9 -9 -9 -9 -9 -9 -9 -9 -9 -9 -9 -9 -9 -9 -9 -9 -9 -9 -9 -9 -9 -9 -9 -9 -9 -9 -9 -9 -9 -9 -9 -9 -9 -9 -9 -9 -9 -9 -9 -9 -9 -9 -9 -9 -9 -9 -9 -9 -9 -9 -9 -9 -9 -9 -9 -9 -9
2.22044604925031e-16 2.22044604925031e-16 2.22044604925031e-16 2.22044604925031e-16 2.22044604925031e-16 2.22044604925031e-16 2.22044604925031e-16 2.22044604925031e-16 2.22044604925031e-16 2.22044604925031e-16 2.22044604925031e-16 2.22044604925031e-16 2.22044604925031e-16 2.22044604925031e-16 2.22044604925031e-16 2.22044604925031e-16 2.22044604925031e-16 2.22044604925031e-16 4.18379295724519e-09 3.25758778655742e-08 1.34505005281819e-08 4.54159001455561e-09 -9 -9 -9 -9 -9 -9 -9 -9 -9 -9 -9 -9 -9 -9 -9 -9 -9 -9 -9 -9 -9 -9 -9 -9 -9 -9 -9 -9 -9 -9 -9 -9 -9 6.87874864476375e-09 3.21720017959493e-08 3.84525232396034e-09 2.22044604925031e-16 6.97823234382019e-11 2.65048022110273e-10 -9
2.22044604925031e-16 2.22044604925031e-16 2.22044604925031e-16 2.22044604925031e-16 2.22044604925031e-16 2.22044604925031e-16 2.22044604925031e-16 2.22044604925031e-16 2.22044604925031e-16 2.22044604925031e-16 2.22044604925031e-16 2.22044604925031e-16 2.22044604925031e-16 2.22044604925031e-16 2.22044604925031e-16 2.22044604925031e-16 2.22044604925031e-16 5.92023920663841e-14 1.00430989596052e-08 4.6060628842133e-08 1.61405532041655e-08 5.68292199564101e-09 -9 -9 -9 -9 -9 -9 -9 -9 -9 -9 -9 4.13934130027993e-11 7.37990199429279e-11 9.5728392761196e-09 6.45716685638763e-08 1.91562210291904e-07 1.11390340134714e-06 1.44527768147653e-06 1.47051142255861e-06 3.87992433361506e-07 -9 -9 5.49209028949393e-11 -9 -9 -9 -9 -9 8.7116422474269e-13 2.99588779236958e-07 6.59346328438481e-07 3.14902590245274e-07 8.36362683485241e-08 2.22474117978193e-08 5.03405447544682e-08 8.90218205201126e-09 1.20292472279478e-09 2.59839004479456e-10 2.09657972503114e-10 -9
2.22044604925031e-16 2.22044604925031e-16 2.22044604925031e-16 2.22044604925031e-16 2.22044604925031e-16 2.22044604925031e-16 2.22044604925031e-16 2.22044604925031e-16 2.22044604925031e-16 2.22044604925031e-16 2.22044604925031e-16 2.22044604925031e-16 2.22044604925031e-16 2.22044604925031e-16 2.22044604925031e-16 2.22044604925031e-16 4.80923396528198e-13 1.19448424976218e-11 7.30121899198659e-07 1.4214679971231e-08 1.88306058801491e-08 6.8242539767264e-09 -9 -9 -9 -9 -9 -9 -9 -9 -9 -9 -9 8.0688578985793e-11 2.37593137502873e-10 2.0024295064238e-08 9.13359773232522e-08 3.85318849890467e-07 2.11398496382026e-06 3.63584568434786e-06 8.06611358806012e-07 6.50586961786031e-08 -9 -9 5.49209028949393e-11 -9 -9 -9 -9 -9 -9 2.99588779236958e-07 6.59346328438481e-07 3.14902590245274e-07 8.36362683485241e-08 3.76160749508748e-08 6.85090877129871e-08 1.39591117800622e-08 2.40584922354496e-09 4.49895685520711e-10 1.54267922895955e-10 -9
2.96933476337102e-14 2.22044604925031e-16 2.22044604925031e-16 2.22044604925031e-16 2.22044604925031e-16 2.22044604925031e-16 2.22044604925031e-16 2.22044604925031e-16 2.22044604925031e-16 2.22044604925031e-16 2.22044604925031e-16 2.22044604925031e-16 2.22044604925031e-16 2.22044604925031e-16 2.22044604925031e-16 2.22044604925031e-16 2.33104870135691e-11 1.25688087697112e-07 1.51381440608881e-06 1.43353739743033e-07 -9 -9 -9 -9 -9 -9 -9 -9 -9 -9 -9 -9 -9 -9 -9 2.73271600556568e-08 1.17939688152232e-07 1.28534609178388e-07 6.25551478497521e-06 1.13223718155748e-05 9.99337425157244e-09 -9 -9 -9 -9 -9 -9 -9 -9 -9 -9 -9 -9 -9 -9 -9 1.01203556349821e-05 1.24189029153399e-06 5.929424861621e-07 7.56316438869226e-08 7.09372008742488e-09 2.74153600560145e-09
1.32955871246261e-12 1.18499459075808e-13 2.22044604925031e-16 2.22044604925031e-16 2.22044604925031e-16 2.22044604925031e-16 2.22044604925031e-16 2.22044604925031e-16 2.22044604925031e-16 2.22044604925031e-16 2.22044604925031e-16 2.22044604925031e-16 2.22044604925031e-16 2.22044604925031e-16 2.22044604925031e-16 4.81060206780112e-13 5.93567897001678e-09 4.80943617726875e-08 1.89188685371059e-07 -9 -9 -9 -9 -9 -9 -9 -9 -9 -9 -9 -9 -9 -9 -9 -9 -9 -9 3.25149168626619e-07 -9 -9 -9 -9 -9 -9 -9 -9 -9 -9 -9 -9 -9 -9 -9 -9 3.95940872977008e-07 4.45384872054091e-05 1.44354478827603e-05 4.11773285143102e-06 1.81975843802721e-06 7.56316438869226e-08 9.2853553574804e-09 9.01515608403107e-10
3.31358413430799e-11 9.98047763192851e-12 2.67733498126981e-12 8.90083871555238e-15 2.22044604925031e-16 2.22044604925031e-16 2.22044604925031e-16 2.22044604925031e-16 2.22044604925031e-16 2.22044604925031e-16 2.22044604925031e-16 2.22044604925031e-16 2.22044604925031e-16 2.22044604925031e-16 5.5196427669376e-15 3.30118396992346e-11 5.29895256886113e-08 1.17230450448461e-07 1.02463428541193e-07 -9 -9 -9 -9 -9 -9 -9 -9 -9 -9 -9 -9 -9 -9 -9 -9 -9 -9 -9 -9 -9 -9 -9 -9 -9 -9 -9 -9 -9 -9 -9 -9 -9 -9 4.04985909578196e-06 0.0001532532381895 0.000142924738177085 6.80398390507396e-05 3.85096346353806e-06 -9 -9 -9 -9
4.90645962275163e-10 3.13261845779279e-09 4.57776021655264e-08 1.38261963783455e-08 2.16191698316592e-12 1.86103393269866e-12 1.58377392267616e-15 2.22044604925031e-16 2.22044604925031e-16 2.22044604925031e-16 2.22044604925031e-16 2.22044604925031e-16 2.22044604925031e-16 5.35405238742964e-12 1.41137735957206e-09 2.07797259752929e-08 1.26651461215889e-08 1.10635403307826e-09 -9 -9 -9 -9 -9 8.84882870681262e-10 -9 -9 -9 -9 -9 -9 -9 -9 -9 -9 -9 -9 0.00263101575870274 0.0224537502352312 0.0407150028002905 0.261849016999972 0.416484807536714 0.37770080724591 0.0506630552441089 0.000600931272407409 0.000602903290200629 0.0010544797842158 -9 -9 -9 -9 -9 -9 0.00817237026058137 0.00402450958754343 0.000931960102908696 0.00167991966106826 0.00134755734416103 0.00107274284891901 0.000762683168836197 0.000107760025563645 2.44152124714169e-06 1.9517406012861e-08
-9 2.71832392275725e-08 6.22008090717284e-07 2.75354112957877e-07 2.16785795534441e-10 2.72289826671997e-10 9.46350664225045e-13 2.22044604925031e-16 2.22044604925031e-16 2.22044604925031e-16 1.51193565979872e-11 9.76933772233265e-11 2.2852366515177e-09 1.59022800146096e-08 4.86670819009779e-08 1.10592829058274e-07 3.33956074090776e-08 -9 -9 -9 -9 -9 -9 -9 -9 -9 -9 -9 -9 -9 -9 -9 -9 -9 0.0033995195869036 0.00403106713086901 0.00214071475518183 0.0115436320553731 0.0589254663680031 0.0968927333951449 0.0677063487314458 0.0673691277575522 0.00519499435884225 0.00733730096035961 0.00863325800522337 0.00540482122219314 0.0143178742243132 0.0491138298413716 0.0537297493584144 0.0179036629997427 0.14689229502775 0.0382405649168446 0.0143799522888407 0.0293826118286233 0.0310505681015827 0.0794498842485525 0.0403114094523415 0.0154422704297219 0.0031815129330897 0.000442382525739049 6.99557803375314e-06 2.92400860057584e-07
-9 8.93484047712306e-08 1.99591908285921e-06 2.20234181054645e-06 2.12856159442146e-09 2.2612918950941e-09 2.49501368240883e-11 7.43778492937136e-10 1.50560122941807e-06 7.59693474159891e-07 1.63297299025279e-07 1.33733877746599e-09 4.57047308099079e-09 3.17905818440979e-08 9.16136406581743e-08 -9 5.93651058661888e-06 2.66740263725751e-05 0.000120363569597733 0.000534831025194964 5.28438495924396e-06 -9 -9 -9 -9 -9 -9 -9 -9 -9 -9 -9 -9 -9 0.00330454828875892 0.00861101952322888 0.00506100949109236 0.00036283511824801 0.013023950641403 0.0989201960471771 0.0461850337062487 0.0225972696934723 0.0337153129938447 0.0428425384495683 0.0414583318289024 0.0427843643306398 0.0577673555961178 0.196178746567306 0.224384289503402 0.447708620857156 0.429435435970802 0.282890938109997 0.11244249897797 0.0722523201106082 0.0911318369232762 0.153640581076436 0.165037369088235 0.0809654688173733 0.0417026554990307 0.00496908762278912 0.000113973943804965 4.08152281157916e-05
-9 1.10545025485728e-06 1.56325964909677e-05 4.33664633292941e-06 1.3482789151528e-09 8.20763236969266e-10 4.93785399967957e-09 5.55350320779544e-06 2.08861976792226e-05 1.44903423360019e-05 -9 -9 -9 -9 -9 8.99675910659425e-07 2.160436311175e-05 8.25270324597152e-05 0.000225914052294175 0.000105187784885551 4.8560433145799e-06 6.19036768313691e-06 -9 -9 -9 -9 -9 -9 -9 -9 -9 0.000754910133158167 0.00833132812736689 0.00913811351833596 0.00703281128849478 0.00978778028069495 0.00783809750905282 0.0170745299058852 0.0381675146975328 0.0951615470570417 0.102689669134072 0.0826792419657404 0.0808131724461643 0.0835184836587696 0.0400413190169881 0.0720427875718918 0.160058628580889 0.351108536030604 0.625366066551293 0.744791061973866 0.704452781213654 0.654851073560155 0.431511784179343 0.270742787738089 0.347099946811795 0.490416385049437 0.574417177173826 0.187461570165688 0.0290723368373698 0.0157185786870455 0.00829711330897911 0.00259682272250454
-9 -9 6.21986529796775e-06 1.72324746725119e-06 8.73787077320821e-09 7.08045201763838e-10 7.15838436054479e-08 5.19483155914102e-06 -9 -9 -9 1.57219751599769e-05 -9 -9 -9 -9 0.000106530369824516 0.000230191403976018 0.000341340261770927 4.75238827815577e-05 6.71672310659233e-06 -9 -9 -9 7.13621526315933e-08 -9 -9 -9 -9 -9 2.83987204731773e-05 0.00076637322842051 0.00551830955685416 0.00859150681931867 0.0115100434335613 0.0243956132568807 0.0697430185585593 0.130941804574812 0.0491347273050379 0.0896497477310563 0.116020531893742 0.114299058872146 0.229869586091135 0.288412589338367 0.165386475726134 0.114024676606749 0.286101844584293 0.59238061764174 0.657210331272196 0.65011134578122 0.726627199186219 0.730288789228157 0.723627202764705 0.71732917179664 0.733124431636598 0.784987778023437 0.745967552065849 0.180512092878214 0.0399631451711886 0.0178496642167576 0.0219576704462438 0.0168099105789292
-9 -9 -9 8.3930826670262e-05 0.000127345640301792 9.52224031016666e-05 5.71457859396935e-07 -9 -9 -9 -9 1.57219751599769e-05 -9 -9 -9 -9 -9 0.000482293195091188 -9 -9 -9 -9 -9 -9 2.75981806296954e-07 -9 7.81107075908949e-06 7.10598792845e-06 6.04914621362695e-05 -9 2.75973897573738e-05 0.00394730879308071 0.100954493754856 0.248535094029604 0.268833461166201 0.290369983945749 0.163311490855168 0.0597248521711056 0.0818662791840594 0.170989274912525 0.273883779337745 0.310845507377828 0.218265232572585 0.333805852275624 0.456241436194254 0.466244796658924 0.492233137105718 0.634554950727357 0.729640804507114 0.719962842302558 0.802247407811659 0.811733777876253 0.837565887121507 0.863570549973735 0.883490587642163 0.927193894062513 0.827591319051054 0.173819504477038 0.00509485774810058 0.00858361046131769 0.0198176616248042 0.0249179941602051
-9 -9 -9 -9 -9 7.4435404921284e-07 8.10784730415687e-07 -9 -9 -9 -9 -9 -9 -9 -9 -9 -9 0.000365092768333852 -9 -9 -9 -9 -9 -9 -9 0.000929939297175174 0.00783224130922193 0.0017564157874235 -9 -9 0.00123332346570224 0.0249871092217422 0.330954507218148 0.678395250579917 0.798994151714407 0.674000680032704 0.257834934439786 0.0563332180003989 0.119355347135016 0.223868055965561 0.317747236654898 0.387320352846352 0.437169245337473 0.507386206752724 0.793911626493489 0.839416051536431 0.808736208228417 0.658875898630531 0.684749027461182 0.817363704796191 0.832286464947241 0.85024987142763 0.856699275381771 0.881176619066133 0.878049866100888 0.902050914219868 0.858572105014766 0.417746948952108 0.0111350940495879 0.00636384843285972 0.00812601661033832 0.00694981207314772
-9 -9 -9 -9 -9 -9 -9 -9 -9 -9 -9 -9 -9 -9 -9 -9 -9 -9 -9 -9 -9 -9 -9 0.000250164914177731 0.000251668607712028 0.00898175225499897 0.0689052468208915 0.0846597753309955 -9 -9 -9 0.0166210803108697 0.235918506314516 0.327865501437379 0.595851184162139 0.474079829278506 0.20386742602137 0.147089483923689 0.185802588797367 0.437846129973882 0.649998968398129 0.739060261183315 0.725787801875008 0.645251220575085 0.818267006013129 0.840641856193542 0.862592125380481 0.803182285692957 0.758989089617023 0.843225418417542 0.810143033663432 0.798013375865088 0.859596415802284 0.809262404839198 0.767879480013141 0.778734323327188 0.597762118818031 0.257144958587122 0.00907661404360422 0.00230767716675473 0.000721230018320461 0.000266366348754403
-9 -9 -9 -9 -9 -9 -9 -9 -9 -9 -9 -9 -9 -9 -9 -9 -9 -9 -9 -9 -9 -9 -9 0.0235253811782362 0.0712069159127157 0.0142673413203786 0.0904212698601099 0.303740908601609 -9 -9 -9 0.30461726204656 0.419797341900482 0.232286245516549 0.446330005578562 0.641902821870255 0.419124073314446 0.286635132092569 0.499700510115535 0.617067782829205 0.791445464631658 0.816861476059313 0.739969648696758 0.630483989362364 0.800675131104611 0.874330044712549 0.860171200500594 0.790057932337125 0.838098303035454 0.904282300560563 0.827377706214234 0.754377845260832 0.878609537342448 0.881066443743529 0.829094654983944 0.706737608453374 0.359107843621772 0.035292230293882 0.00219690376521882 0.000505420316080239 0.000143632203953867 7.12006426988129e-05
0.085142868428698 -9 -9 -9 -9 -9 -9 -9 -9 -9 0.000681214791256934 -9 -9 -9 -9 -9 -9 -9 0.000411221815738827 -9 -9 -9 0.0272319623350447 0.157026769258356 0.26995621063965 0.0161518607063981 0.291292676845813 0.706930341543975 0.588469916655693 0.626910106175476 0.612900022992197 0.835789912854974 0.766843247744772 0.590471938436414 0.684879271152579 0.731115239292935 0.390145206030596 0.142856510482544 0.295714967694409 0.370800278373752 0.603793862931154 0.558567047119141 0.586636605224124 0.730821811306624 0.830679383542803 0.873269537900701 0.800915057460467 0.698523311979241 0.766665065822042 0.912651998577295 0.928016691848084 0.942895099520683 0.94152614603072 0.945648355616464 0.860811021040987 0.683795244329506 0.325760058480901 0.0192735896303525 0.00170850611521243 0.00177649420853683 0.00221467211178359 0.00108993994972704
0.488170101755747 -9 -9 -9 -9 -9 -9 -9 -9 -9 -9 -9 -9 -9 -9 -9 -9 -9 -9 -9 -9 -9 -9 0.0425873891425519 0.0894873397838738 0.01945317777777 0.284954903925083 0.511078354331699 0.674074625837858 0.853194767402278 0.931247110720034 0.925861084350833 0.817834436893463 0.696024230508893 0.735838262347022 0.624287257540143 0.339884882930804 0.218907257886948 0.11164309645796 0.178181909930168 0.332523011567968 0.357463681242532 0.440062189681662 0.800140796988099 0.897688728239801 0.921869765829157 0.888516165040157 0.905199954907099 0.857455108452726 0.902139508061939 0.952296871278021 0.957116276025772 0.951698797168555 0.850135020083851 0.701785542898708 0.581778657657129 0.42740837789865 0.105213067541761 0.027287734473012 0.0467911099646396 0.0444020604632829 0.0142350663816076
0.927050140720827 0.936085939407349 -9 -9 -9 -9 -9 -9 -9 -9 -9 -9 -9 -9 -9 -9 -9 -9 -9 -9 -9 -9 -9 -9 -9 0.0109162692194028 0.13498625713573 0.598982783045367 0.877886692970347 0.946676063592787 0.976092360269876 0.964688670488051 0.942473608034628 0.872322463878879 0.828035462285495 0.609548002084786 0.730650540452772 0.603199687751907 0.360305787055512 0.630064805299849 0.211758363526315 0.527342087968632 0.532790824311015 0.676002018705562 0.850340813950256 0.943552534337397 0.931611675539134 0.94591408305698 0.954537298392366 0.958258880693236 0.963989661799537 0.929689803425177 0.918673027996664 0.790343891967226 0.735718806308729 0.45262111576251 0.312684413321592 0.103860927101823 0.0651615688255356 0.236670192158609 0.177512379897827 0.0338173395606264
0.734272134845101 0.700000205525646 -9 -9 -9 -9 -9 -9 -9 -9 -9 -9 -9 -9 -9 -9 -9 -9 -9 -9 -9 -9 -9 -9 -9 0.0914203355399271 0.271402182833602 0.836776596344547 0.970812673186078 0.959795130071817 0.97560271344803 0.800872920579736 0.617095405268888 0.459877344431003 0.521337859182933 0.807121821265254 0.912917678922783 0.708486488571873 0.577029035323196 0.473463645740987 0.0551451978084919 0.193015724708891 0.731954330589944 0.72587973891217 0.867096463287318 0.946851977516734 0.939413140585393 0.959837012268879 0.978602598110835 0.945023262344393 0.833758741203282 0.815935286095389 0.825609161805959 0.787917344106568 0.681295111365789 0.32928660701361 0.117379403607359 0.0311648629310667 0.0408560057270829 0.0815648824197179 0.0874627702504737 0.0547735532628661
-9 -9 -9 -9 -9 -9 -9 0.0485039418563247 -9 -9 -9 -9 -9 -9 -9 -9 -9 -9 -9 9.14429019758245e-05 9.14429019758245e-05 -9 -9 0.00347497619804926 0.115269155647386 0.403633114571373 0.590623512864113 0.833636437853177 0.970784645389627 0.883625567476782 0.882730368421309 0.37481314646078 0.566638164731527 0.795243404846919 0.915879878305175 0.953483106630544 0.958038422796461 0.876595127361792 0.828362138734924 0.59290740573865 0.294514503259725 0.390590021895251 0.804756815096846 0.753417091237174 0.916481253173616 0.958608304776212 0.970952193383817 0.974665682845645 0.908260351529828 0.583866454177985 0.316397132145034 0.439476527308148 0.7106107758979 0.467944711860683 0.250152944220678 0.0343717590404411 0.00459333494228958 0.00265660094789811 0.0051167540274647 0.000378543913022657 0.00158979950992104 0.000410824632535982
-9 -9 -9 -9 -9 -9 -9 -9 -9 -9 -9 -9 -9 -9 -9 -9 -9 -9 -9 -9 -9 -9 -9 0.0015820529325302 0.143340623904693 0.570692871898459 0.823408289088143 0.901678653778853 0.918056098629295 0.706357198249963 0.624996910929496 0.30656379134834 0.117956140345385 0.496669961260181 0.958790724494575 0.970302905528634 0.967949837446213 0.886688162975105 0.96217221904684 0.923446298933323 0.805798776907685 0.856852603514516 0.963216179840569 -9 0.976194103558858 0.980028507334215 0.989614190657934 0.973566618120229 0.752854285597459 0.327243589523053 0.12912184502757 0.226305558718454 0.778122498343388 0.441441815898374 0.22177076222444 0.00801869658724311 6.38732779831751e-05 2.39604114048057e-06 6.45372906981635e-08 2.25106657505891e-08 4.24886312886355e-08 2.83632391612844e-09
-9 -9 -9 -9 -9 -9 -9 -9 -9 -9 -9 -9 -9 -9 -9 -9 -9 -9 -9 -9 -9 -9 -9 0.000622574779904889 0.000431538583116071 0.0385390166993882 0.133805617314111 0.12237230888364 0.248130976471455 0.580015555252127 0.361585993112789 0.00167816020957953 0.0064616242733185 0.00754333664803266 0.159740666285784 0.455367260224496 0.0880040592144052 0.0874078542777406 0.612543670330106 0.694942195612705 0.496794326706158 0.283088734695515 0.24862515813791 0.598950241274902 0.394739899753842 0.430986847538019 0.426506055406759 0.410524971760767 0.378477199599589 0.0362838019380673 0.0305910335496222 0.153380156785507 0.429605109830625 0.624712328808124 0.0214508547523749 0.00126796337775338 6.32152173371464e-07 5.52119050829475e-10 5.77282061830581e-13 3.4505025518685e-14 2.32144252089704e-13 1.66260535860455e-11
-9 -9 -9 -9 -9 -9 -9 -9 -9 -9 -9 -9 -9 0.0157280694693327 0.0126239771489054 0.00632203548836211 -9 -9 -9 -9 -9 -9 5.7431866537172e-05 6.68736606230914e-05 2.01998647222142e-05 0.000505367409981434 0.000281496683475213 0.013608393429502 0.0158547601610432 0.0178647651046049 -9 0.000201281239090652 0.000464993237604479 0.000728705236118306 5.31776848274376e-05 0.0076403624301188 0.00257882515261903 0.00850771320334742 0.0900987075136126 0.0483651730429964 0.000789363242216295 0.000139282164287884 0.00983286294567094 0.0111416304915944 0.000610908862935117 8.12054931659413e-05 4.55958308012352e-05 0.000236450501342494 0.000488657140758805 0.000156328838253054 0.00192673160563202 0.0163933411461461 0.0687348062159056 -9 -9 0.000229559502282801 3.00799876427976e-07 4.41453316501164e-10 2.22044604925031e-16 2.22044604925031e-16 2.22044604925031e-16 2.62125450945443e-13
-9 -9 -9 -9 -9 -9 -9 -9 -9 -9 -9 -9 -9 0.0157280694693327 0.0126239771489054 0.00695629963108028 -9 -9 -9 -9 -9 -9 1.35731862677741e-06 2.8419105501089e-07 7.46371845948522e-09 1.23681109070335e-05 0.000132725714036121 0.000183996461963918 1.49126365252238e-05 3.80989499733087e-05 0.00104988707490428 0.000144782447260313 8.26099523238894e-06 2.60067987029798e-06 2.36189080126497e-08 1.53994938551044e-06 1.11433894224032e-06 -9 1.14642684245462e-06 4.37188180560628e-07 2.93059189070154e-09 1.73954520083241e-09 3.88374870103724e-06 0.000105821649057183 5.29757339778832e-06 2.92757733406219e-07 8.78928855288539e-08 1.45205524617663e-07 2.10352607762263e-07 2.55109039100056e-06 1.35805388436846e-05 0.000999860774877035 0.000219758947432187 0.000175650804169872 5.90852787788294e-05 5.25497224831766e-07 5.18253961720863e-08 1.7799451790673e-11 2.22044604925031e-16 2.22044604925031e-16 2.22044604925031e-16 2.49900594727978e-15
