Inputs/climate_suitabilitya.asc
NCOLS 180 
NROWS 90 
XLLCORNER -180 
YLLCORNER -90 
CELLSIZE 2 
NODATA_value -9 
[rows 0 to 26 of 90, columns 0 to 61 of 180]
-9.000000000000000 -9 -9 -9 -9 -9 -9 -9 -9 -9 -9 -9 -9 -9 -9 -9 -9 -9 -9 -9 -9 -9 -9 -9 -9 -9 -9 -9 -9 -9 -9 -9 -9 -9 -9 -9 -9 -9 -9 -9 -9 -9 -9 -9 -9 -9 -9 -9 -9 -9 -9 -9 -9 -9 -9 -9 -9 -9 -9 -9 -9 -9
-9 -9 -9 -9 -9 -9 -9 -9 -9 -9 -9 -9 -9 -9 -9 -9 -9 -9 -9 -9 -9 -9 -9 -9 -9 -9 -9 -9 -9 -9 -9 -9 -9 -9 -9 -9 -9 -9 -9 -9 -9 -9 -9 -9 -9 -9 -9 -9 -9 -9 -9 -9 -9 -9 -9 -9 -9 -9 -9 -9 -9 -9
-9 -9 -9 -9 -9 -9 -9 -9 -9 -9 -9 -9 -9 -9 -9 -9 -9 -9 -9 -9 -9 -9 -9 -9 -9 -9 -9 -9 -9 -9 -9 -9 -9 -9 -9 -9 -9 -9 -9 -9 -9 -9 -9 -9 -9 -9 -9 -9 -9 -9 -9 -9 -9 -9 -9 -9 -9 -9 -9 -9 -9 -9
-9 -9 -9 -9 -9 -9 -9 -9 -9 -9 -9 -9 -9 -9 -9 -9 -9 -9 -9 -9 -9 -9 -9 -9 -9 -9 -9 -9 -9 -9 -9 -9 -9 -9 -9 -9 -9 -9 -9 -9 -9 -9 -9 2.22044604925031e-16 2.22044604925031e-16 2.22044604925031e-16 2.22044604925031e-16 2.22044604925031e-16 2.22044604925031e-16 2.22044604925031e-16 2.22044604925031e-16 2.22044604925031e-16 2.22044604925031e-16 2.22044604925031e-16 2.22044604925031e-16 2.22044604925031e-16 2.22044604925031e-16 5.51414449830463e-15 1.86900884972925e-14 2.01754230966902e-14 2.22044604925031e-16 2.22044604925031e-16
-9 -9 -9 -9 -9 -9 -9 -9 -9 -9 -9 -9 -9 -9 -9 -9 -9 -9 -9 -9 -9 -9 -9 -9 -9 -9 -9 -9 -9 -9 -9 -9 -9 -9 -9 -9 -9 -9 -9 -9 2.22044604925031e-16 2.22044604925031e-16 2.22044604925031e-16 2.22044604925031e-16 2.22044604925031e-16 2.22044604925031e-16 2.22044604925031e-16 2.22044604925031e-16 2.22044604925031e-16 2.22044604925031e-16 2.22044604925031e-16 2.22044604925031e-16 2.22044604925031e-16 2.22044604925031e-16 2.22044604925031e-16 2.22044604925031e-16 2.22044604925031e-16 4.15292620972249e-14 2.48685777926072e-13 1.64649880407633e-13 1.11041168709694e-14 2.22044604925031e-16
-9 -9 -9 -9 -9 -9 -9 -9 -9 -9 -9 -9 -9 -9 -9 -9 -9 -9 -9 -9 -9 -9 -9 -9 -9 -9 -9 -9 -9 -9 -9 -9 -9 2.22044604925031e-16 2.22044604925031e-16 -9 -9 2.22044604925031e-16 2.22044604925031e-16 2.22044604925031e-16 2.22044604925031e-16 2.22044604925031e-16 2.22044604925031e-16 2.22044604925031e-16 2.22044604925031e-16 2.22044604925031e-16 2.22044604925031e-16 2.22044604925031e-16 2.22044604925031e-16 2.22044604925031e-16 2.22044604925031e-16 2.22044604925031e-16 2.22044604925031e-16 2.22044604925031e-16 2.22044604925031e-16 2.22044604925031e-16 5.27334683908299e-14 8.56566864925897e-14 1.93844324463458e-13 9.70751320945522e-14 3.84940202693983e-15 2.22044604925031e-16
-9 -9 -9 -9 -9 -9 -9 -9 -9 -9 -9 -9 -9 -9 -9 -9 -9 -9 -9 -9 -9 -9 -9 -9 -9 -9 -9 -9 -9 2.22044604925031e-16 2.22044604925031e-16 2.22044604925031e-16 2.22044604925031e-16 2.22044604925031e-16 2.22044604925031e-16 2.22044604925031e-16 2.22044604925031e-16 2.22044604925031e-16 2.22044604925031e-16 2.22044604925031e-16 2.22044604925031e-16 2.22044604925031e-16 2.22044604925031e-16 2.22044604925031e-16 2.22044604925031e-16 2.22044604925031e-16 2.22044604925031e-16 2.22044604925031e-16 8.22649650317219e-16 4.1236882986629e-15 9.21987457445465e-16 2.22044604925031e-16 -9 2.22044604925031e-16 2.22044604925031e-16 3.00293291500976e-14 1.92974795868789e-13 5.07437164788686e-13 1.50987817355234e-12 3.95549395193833e-12 5.37015726993065e-13 4.76986375719129e-13
-9 -9 -9 -9 -9 -9 -9 -9 -9 -9 -9 -9 -9 -9 -9 -9 -9 -9 -9 -9 -9 -9 -9 -9 -9 -9 -9 2.22044604925031e-16 2.22044604925031e-16 2.22044604925031e-16 2.22044604925031e-16 2.22044604925031e-16 2.22044604925031e-16 2.22044604925031e-16 2.22044604925031e-16 2.22044604925031e-16 2.22044604925031e-16 2.22044604925031e-16 2.22044604925031e-16 2.22044604925031e-16 2.22044604925031e-16 2.22044604925031e-16 2.22044604925031e-16 2.22044604925031e-16 2.22044604925031e-16 2.22044604925031e-16 2.22044604925031e-16 2.22044604925031e-16 2.02385974110159e-15 5.82843841579544e-14 9.0607747571978e-13 2.22044604925031e-16 -9 -9 -9 2.22044604925031e-16 1.10981939648513e-13 1.30023640027049e-12 6.50345829887195e-12 2.2935509723498e-11 2.78973811094508e-12 2.59333363755516e-12
-9 -9 -9 -9 -9 -9 -9 -9 -9 -9 -9 -9 -9 -9 -9 -9 -9 -9 -9 -9 -9 -9 -9 -9 -9 -9 -9 2.22044604925031e-16 2.22044604925031e-16 2.22044604925031e-16 2.22044604925031e-16 2.22044604925031e-16 2.22044604925031e-16 2.22044604925031e-16 2.22044604925031e-16 2.22044604925031e-16 2.22044604925031e-16 2.22044604925031e-16 2.22044604925031e-16 2.22044604925031e-16 2.22044604925031e-16 2.22044604925031e-16 2.22044604925031e-16 2.22044604925031e-16 2.22044604925031e-16 2.22044604925031e-16 2.22044604925031e-16 2.22044604925031e-16 2.22044604925031e-16 1.56745140955303e-14 4.75640098917549e-13 3.3634599171155e-13 9.63859634467434e-14 -9 -9 -9 -9 -9 -9 -9 -9 1.41260312748136e-12
2.22044604925031e-16 -9 -9 -9 -9 -9 -9 -9 2.22044604925031e-16 2.22044604925031e-16 2.22044604925031e-16 2.22044604925031e-16 2.22044604925031e-16 2.22044604925031e-16 2.22044604925031e-16 2.22044604925031e-16 2.22044604925031e-16 2.22044604925031e-16 2.22044604925031e-16 2.22044604925031e-16 2.22044604925031e-16 -9 3.3667711435599e-11 6.91759257088626e-10 1.45881550859431e-12 1.43369016880829e-14 1.26792890519859e-12 5.24742895394156e-14 2.47200150793314e-15 2.22044604925031e-16 2.22044604925031e-16 2.22044604925031e-16 2.22044604925031e-16 2.22044604925031e-16 2.22044604925031e-16 2.22044604925031e-16 2.22044604925031e-16 2.22044604925031e-16 2.22044604925031e-16 2.22044604925031e-16 2.22044604925031e-16 2.22044604925031e-16 2.22044604925031e-16 2.22044604925031e-16 2.22044604925031e-16 2.22044604925031e-16 2.22044604925031e-16 2.22044604925031e-16 2.22044604925031e-16 2.22044604925031e-16 9.60013301272234e-15 5.63422512045999e-13 3.80252991657611e-13 4.72874828978961e-14 1.32743041931057e-13 2.25900213011792e-11 7.60624767886174e-12 -9 -9 -9 -9 8.80069541547845e-12
1.1175029688949e-09 1.58060987585455e-08 -9 -9 -9 -9 -9 2.22044604925031e-16 2.22044604925031e-16 2.22044604925031e-16 2.22044604925031e-16 2.22044604925031e-16 2.22044604925031e-16 2.22044604925031e-16 2.22044604925031e-16 2.22044604925031e-16 2.22044604925031e-16 2.22044604925031e-16 2.22044604925031e-16 2.22044604925031e-16 2.22044604925031e-16 7.3317056726422e-07 4.05883871057572e-05 1.34757331274528e-05 2.25564666657215e-08 3.64382730633288e-09 3.77499024482483e-10 1.11613702023022e-11 1.62959666750041e-12 3.04033098821057e-14 1.56555209816392e-14 1.93366543726939e-11 3.79389730819912e-10 1.79845760047246e-13 2.22044604925031e-16 2.22044604925031e-16 3.00856015455244e-12 1.16420274390179e-11 1.00145642202791e-12 2.22044604925031e-16 2.22044604925031e-16 2.22044604925031e-16 2.22044604925031e-16 2.22044604925031e-16 2.22044604925031e-16 2.22044604925031e-16 2.22044604925031e-16 2.22044604925031e-16 1.39820357110678e-14 1.16835368574815e-14 1.07169610371379e-13 7.55993788116552e-13 1.57619031623249e-13 2.20098573708282e-14 1.66334552413208e-13 3.14325499665865e-12 2.6379909303565e-12 1.17056850986495e-12 -9 -9 -9 -9
2.12163089589328e-08 6.58164214458478e-08 2.35525474632264e-07 2.55537501346371e-07 3.85326986839035e-08 4.55207248890355e-09 1.17380824389094e-11 2.89897118200621e-11 5.63387442686345e-13 5.559007027393e-14 2.22044604925031e-16 2.22044604925031e-16 3.10792555006664e-13 1.1175765958939e-11 5.88054006390624e-12 2.22044604925031e-16 2.22044604925031e-16 2.22044604925031e-16 2.22044604925031e-16 2.22044604925031e-16 2.22044604925031e-16 2.60305699007663e-06 0.00101882782280683 0.000385884539101187 7.78995586332506e-06 1.14467946330121e-05 2.05540772573645e-06 7.589668967813e-09 3.73039643912518e-09 5.97470736856459e-10 9.23618266261004e-10 1.68079973120691e-08 1.42824995269682e-07 4.77137622452078e-08 1.57746067542194e-09 1.14240189330192e-10 2.54092598291771e-10 3.48830705540013e-10 3.48070950776552e-11 1.82291452897976e-12 5.77613001534979e-14 2.68379899520777e-13 8.11010401249334e-12 1.52146488270162e-11 2.79274758851349e-12 1.5701396453796e-12 3.65490022257761e-12 6.94955408794527e-13 7.95284595011239e-13 1.42649966016953e-12 -9 2.72442764855579e-12 8.93418276818244e-13 1.64593210472754e-13 2.35399469518249e-14 1.37724310914879e-12 7.07749736720905e-12 2.19294582090976e-10 2.42402266162658e-07 2.94471876850975e-07 -9 -9
0.000206227921669538 2.17754517944924e-07 9.3533494171797e-07 1.19258124324592e-06 3.29385988912315e-07 1.81911954693517e-08 2.26877300554128e-09 1.73358527988661e-09 2.88078612626205e-10 1.09342497438491e-11 1.45628180762429e-10 5.43574781709278e-09 1.65782339866697e-07 1.04617855444653e-07 3.71909053648039e-09 1.34248616270389e-12 3.57913824566577e-14 2.22044604925031e-16 2.22044604925031e-16 2.22044604925031e-16 2.22044604925031e-16 6.17205436631621e-09 6.29914762724954e-08 2.97958595282925e-08 1.60843177359997e-06 1.48353416884573e-05 5.78422009975292e-06 4.44661047669229e-07 2.85497831131074e-08 2.35521769665889e-08 1.58920849597363e-06 1.14530136298264e-05 3.3766031134861e-05 2.56432356196182e-05 3.05662910855485e-06 1.14911207877375e-07 6.12884654193494e-08 2.05291399620518e-08 2.77825092292545e-09 7.61042642944273e-11 8.11899698554383e-11 2.44584651865207e-10 3.75574667363989e-10 1.92798673325845e-10 6.18979048354042e-11 5.92504235340413e-11 7.72499310422528e-11 5.09475236067651e-10 7.47878564428053e-10 1.63542664965988e-08 1.31230531651304e-07 1.21246615729084e-07 1.27814107535891e-08 1.67030665203597e-10 2.55542277221765e-10 1.64929884656496e-09 7.55277023319389e-10 4.32072156138209e-10 4.47191243919491e-08 -9 -9 -9
-9 -9 -9 2.147991418116e-06 3.53220005067101e-07 7.22203585231303e-08 1.68171002989936e-07 1.23597888326523e-07 2.61847929628888e-08 8.1355595875332e-10 1.55467078074804e-09 1.9351693980286e-07 5.70776946057641e-06 3.34158683801062e-06 6.51008474111037e-06 3.70621932811212e-08 8.27888862120102e-05 0.000460624656915407 4.82921464468435e-09 4.31851205637133e-09 1.07865574876943e-09 2.22044604925031e-16 2.22044604925031e-16 2.22044604925031e-16 1.09012689845493e-08 1.03354757499351e-07 3.6834052401342e-08 7.97246902272046e-08 7.78167766050531e-09 5.85602557024815e-08 1.15273354687766e-05 0.000125191164462043 0.000220869414668549 0.000145349084837781 1.71316321701593e-05 2.67798149861315e-06 2.32769362375875e-06 1.05714741508815e-06 1.78553606151517e-07 4.02213949104937e-09 6.79707982975154e-09 1.30370017118073e-08 1.01913776243366e-08 6.92778670379387e-09 7.23920267622306e-10 6.56233919442571e-11 1.97625483975191e-10 5.13655846155758e-10 2.97066834383889e-09 1.45445455401738e-07 5.94880385026049e-07 8.54354245724627e-07 3.01669750249809e-07 6.73512955778139e-08 3.87583006044517e-09 7.14697439039045e-09 1.29623449331459e-08 9.29083770308576e-09 -9 -9 -9 -9
-9 -9 -9 -9 -9 -9 8.07452974177591e-07 1.18055749822563e-06 1.70430227860998e-06 7.20954815472724e-07 3.79774149380728e-08 3.65697410270701e-07 1.46463258458957e-05 0.000258648649164172 0.00019444122647423 0.00132603632810637 0.0110562081372565 0.00969720444831816 0.00339517972495579 3.36599980136974e-05 9.60797315851013e-07 1.00331232210567e-05 1.45573966243568e-05 3.78161404599295e-07 3.79717666195017e-06 1.03975889615949e-05 1.50653328815811e-07 2.79455731159234e-10 1.35520147198733e-09 1.60304818318718e-08 2.6659598477015e-06 3.37297988300705e-05 5.56946952423402e-05 3.96653322683152e-05 8.23259035606135e-06 1.19420293344204e-05 1.30013484636038e-05 7.08923912324306e-06 1.79114451505489e-06 9.78364401804929e-08 4.73130613483826e-08 1.85475286355137e-07 3.74321241338916e-07 1.73688196811286e-07 1.28510728262624e-09 -9 -9 -9 4.20207353172645e-09 2.71390385497838e-07 5.6930799037976e-07 1.28816423401531e-06 1.21936868173709e-06 5.95860329447562e-07 7.89898207968919e-08 2.65246338132827e-07 1.07587035168637e-07 7.48582215253867e-06 1.64414072463259e-05 -9 -9 -9
-9 -9 -9 -9 -9 -9 5.28694523419896e-07 3.07370248719963e-06 1.59144641050564e-05 0.0003164414645992 0.000915393338646164 0.000637983353541049 0.00353542060247211 0.00816360096579292 0.00170742500351056 0.00106135166829012 -9 0.000209517573239282 -9 0.00188191218512657 0.00132230107027724 0.000355114845080456 0.00228454435937519 0.00192916514917156 9.70648633200484e-05 9.62318792713291e-06 7.93819234388641e-08 4.29413162341808e-09 8.50299573471528e-09 2.13708813133526e-09 8.58034961514761e-12 1.16987969629502e-09 6.61616799379568e-08 3.01757030047445e-07 1.11344891054731e-06 4.88171073468557e-06 3.39663749773703e-06 6.87796342949646e-06 1.26431871906952e-05 1.93231079849952e-06 1.95355875714859e-07 2.00051187370386e-06 1.05725331058025e-05 1.10671796905822e-05 4.89942126857083e-06 -9 -9 -9 -9 -9 6.83014461712985e-07 2.07920531802989e-06 4.50616661535403e-06 6.06193695527907e-06 2.53036488109369e-05 0.000450417407653466 0.00160268494544001 0.00072467740861446 0.00701508037039284 0.00337132916380748 -9 -9
-9 -9 -9 -9 -9 -9 -9 -9 0.00092255714116618 0.00316044202473778 0.00507239643169063 0.00579031662804213 0.037341398290462 0.0437879354029151 -9 -9 -9 -9 -9 -9 -9 0.000335269052119003 0.00128265284351375 0.00164838210107034 0.00607198109257759 0.005160664421389 0.000534636168950443 0.000124122736032469 0.000975555774617377 0.000217657895478715 7.58124143877547e-09 4.71045479293979e-09 7.17111271641093e-10 9.57127982518796e-10 2.78037246743406e-08 6.37921235731309e-08 1.57298496170283e-07 5.36082787593194e-06 1.80294557699872e-05 4.62387596599151e-06 1.08737120926233e-07 2.07574180021029e-06 1.86212788464588e-05 2.71187794143973e-05 1.15504985154126e-05 3.58544385200595e-06 2.49941725390575e-06 -9 -9 4.8187365943401e-06 5.51494994896176e-06 6.82954849809095e-06 1.37904535790767e-05 3.01437627412169e-05 0.000225170345452676 0.00379161583562867 0.0123273668868933 0.00980187697428779 0.0471349008510313 0.1687088252874 -9 -9
-9 -9 -9 -9 -9 -9 -9 9.89554209809285e-05 0.000501371739624624 0.00276348271061714 0.00588530878909902 0.00790144276753482 0.0590628923641311 -9 -9 -9 -9 -9 -9 -9 -9 -9 0.000186673753593899 0.000147358929486197 0.00328995770875987 0.017027054357435 0.0167992227819171 0.0308742925950393 0.0783462807018546 0.0111107210644496 1.5116879427091e-05 2.36451165552238e-09 1.34392806191196e-10 7.38654217353242e-12 7.32564817786493e-11 1.32004025707516e-10 3.48399565648885e-08 1.66199796830318e-06 2.23805620849611e-06 2.31828884959235e-06 6.11978719149553e-06 4.49327031631809e-05 4.1345123476175e-05 7.26931960983806e-05 5.47141766076122e-05 1.65909245700496e-05 6.4509339697199e-06 3.30758390776753e-06 9.74014658557583e-07 9.12920695207554e-06 1.42086417004523e-05 4.53341461373126e-05 0.000100874006631313 0.000163651549433937 0.00080779025407582 0.011108935542493 0.0258021839387013 0.0276669586065835 0.0465848843364425 0.100825109000585 0.0697590305159489 -9
-9 6.12200858540746e-06 4.21637076897241e-06 -9 1.48646377056139e-05 7.68117418677624e-06 2.08806866339728e-05 -9 -9 -9 -9 -9 -9 -9 -9 -9 -9 -9 -9 -9 -9 -9 -9 0.0004080250286241 2.08140661987313e-05 5.44346429047598e-06 0.0220954989811942 0.0176848675284345 0.00725190013907306 0.0841321205073368 0.158160738343511 0.0291597512486673 0.0013331095309261 6.35526064403864e-12 9.29701817973438e-11 6.32704935609739e-11 1.07705248341781e-09 1.8355112038145e-08 8.16094949448636e-09 6.14043267259064e-07 3.25544155767556e-05 0.000329495355455693 0.000220882989233472 0.000560468740365684 0.000568369889443591 0.000255436743075588 0.000107772406029956 3.32829495655572e-05 1.0805880696639e-05 2.12186805687973e-05 4.57371315052215e-05 0.000628253405191145 0.00182893309115402 0.00192637494650244 0.00842152844847145 0.0704215722055071 0.0390675482365309 0.0299596671237749 0.131650281794093 0.306930385369026 0.202620971890419 0.103779915086408
-9 6.12200858540746e-06 4.21637076897241e-06 -9 -9 -9 -9 -9 -9 -9 -9 -9 -9 -9 -9 -9 -9 -9 -9 -9 -9 -9 -9 -9 -9 1.44629169751553e-11 0.000258832652416566 0.0147122225611934 0.0505045542501698 0.21394755506025 0.656167962751136 0.429654865646899 0.108300807396808 4.49402092511482e-10 3.24061229702936e-11 1.6064273461037e-09 2.90556163881314e-10 9.86299822719708e-09 3.82203375859206e-08 2.4592260947704e-07 6.6819337815142e-06 0.00010587794117504 0.00016907046883017 0.00178037207812546 0.00130616354433894 0.00040783240902758 0.000268422006481867 0.000260254112752726 0.000743527113652451 0.0011837726169165 0.000135650093448105 0.00329067924785367 0.0215038479202324 0.00928556489007961 0.0361845014095134 0.315117799004333 0.345404686788916 0.202623490702468 0.380016083932585 0.359223465400714 0.515689306754481 0.502060939764811
-9 -9 -9 -9 -9 -9 -9 -9 -9 -9 -9 -9 -9 -9 -9 -9 -9 -9 -9 -9 -9 -9 -9 -9 -9 -9 6.37608400370981e-07 0.00415525513848957 0.0531417244255295 0.0734678606434873 0.406535946959515 0.796536236072791 0.335913487115181 0.00216481300199419 1.45376917682705e-10 6.99857431756384e-10 3.2169512579546e-11 1.75526924303082e-10 1.32385432650845e-08 8.83363591421251e-08 4.75229524794098e-06 2.12165670259955e-06 4.20689136387645e-05 0.000439854757974832 0.000224063856729083 0.00387671389536364 0.0302342524388324 0.011247569165879 0.0146170221439352 0.0179052401889648 0.00320150187674441 0.0171337631314757 0.1074728449522 0.123113542354671 0.215204807856396 0.689196028263756 0.691352724925511 0.754773037278174 0.794704743833453 0.534105059725267 0.894438234698257 0.918771986056257
-9 -9 -9 -9 -9 -9 -9 -9 -9 -9 -9 -9 -9 -9 -9 -9 -9 -9 -9 -9 -9 -9 -9 -9 -9 -9 -9 1.11826248563565e-07 0.000622469434708673 0.000225923110962425 0.0113323440600617 0.155031321358879 0.0777902491851417 1.45944982221046e-05 7.03077448439183e-07 3.05860121667478e-07 6.01948096650475e-14 1.59487486041288e-13 2.17709866488184e-12 7.8647514058252e-10 2.75967172897278e-09 1.04992779562861e-07 3.66390331766605e-06 0.000917366856496456 0.0016778227010502 0.0445500909707694 0.292659155730184 0.422237511408044 0.359675128191112 0.39682420488033 0.329976022507949 0.14428438751004 0.157822433341708 0.311127843168553 0.582392556765289 0.778362391999474 0.617833249454881 0.921665381870152 0.980147284490091 0.969288777376031 0.433761973554889 0.751941480806896
-9 -9 -9 -9 -9 -9 -9 -9 -9 -9 -9 -9 -9 -9 -9 -9 -9 -9 -9 -9 -9 -9 -9 -9 -9 -9 -9 6.01455381018153e-07 1.0586340658132e-05 0.000106768976297273 0.0242958630384507 0.116021027040523 0.0242896086051287 5.10485941930587e-07 4.88666352268059e-06 1.61019747493591e-06 8.04607306870453e-12 2.11923905917204e-13 1.58165957283673e-13 1.57308029788612e-11 4.89561250951877e-08 2.66286122678843e-07 0.000130589110851373 0.000844818560523998 0.00215965963077367 0.0965693940190788 0.597657941433782 0.74981877207756 0.893520978589853 0.915281227065457 0.741781729101031 0.720385297856949 0.642869328614324 0.551306814847824 0.609843573981413 0.749667359309064 0.865572088984428 0.961668477842101 0.971587179021703 0.924504149567198 -9 -9
-9 -9 -9 -9 -9 -9 -9 -9 -9 -9 -9 -9 -9 -9 -9 -9 -9 -9 -9 -9 -9 -9 -9 -9 -9 -9 -9 3.13888209730901e-09 8.43438591420432e-07 2.72946957481389e-05 0.000972930608581635 0.00155869916920568 2.64239989885906e-05 1.92432803614988e-06 1.10735096098166e-06 2.43275491881506e-07 1.9100852826595e-10 5.888581670225e-14 2.22044604925031e-16 6.61856174904513e-12 2.43228397107646e-08 4.00619980908901e-06 0.000255618095650509 0.00741377173697536 0.112127733172482 0.267806255985183 0.785589043947834 0.788508978522854 0.972468675102717 0.981747029556168 0.870441963413247 0.749210371279422 0.574708514001772 0.155681852445317 0.592882270844262 0.948980871036097 0.971024066209793 0.962424187196626 0.964313479761283 0.88257164011399 -9 -9
-9 -9 -9 -9 -9 -9 -9 -9 -9 -9 -9 -9 -9 -9 -9 -9 -9 -9 -9 -9 -9 -9 -9 -9 -9 1.52893111504682e-08 -9 2.22044604925031e-16 5.84752071284436e-14 2.52356372714796e-13 3.00894365572563e-13 2.31753289187862e-12 3.07779541171855e-08 0.000248997856631848 0.000479212882388225 8.18649767308912e-10 7.83438050814864e-12 2.935647183876e-13 5.21292561144597e-16 4.16479074769103e-13 2.24003598781766e-07 1.68396362918392e-05 0.00815446840798684 0.106569662938084 0.381020384320391 0.578666610390316 0.885197992126147 0.845047290678378 0.87898818388176 0.765026630174058 0.568055515875321 0.698940356747811 0.710285381133121 0.880860978747329 0.953753661778238 -9 -9 -9 -9 -9 -9 -9
-9 -9 -9 -9 -9 -9 -9 -9 -9 -9 -9 -9 -9 -9 -9 -9 -9 -9 -9 -9 -9 -9 -9 -9 -9 -9 -9 2.22044604925031e-16 2.22044604925031e-16 2.22044604925031e-16 2.22044604925031e-16 2.22044604925031e-16 3.30822547998496e-10 4.2240955964107e-06 1.03790092097774e-05 2.29357900130392e-09 7.93335387677886e-14 6.61085600053412e-14 1.11978847358373e-15 3.8500037863008e-11 3.66300170115164e-06 7.856236611311e-05 0.0367740202358012 0.213389589153748 0.35506685036752 0.594488270442795 0.661695099332266 0.514492784164355 0.317537807028943 0.218474493546334 0.216184463282439 0.422905626637792 0.615169513113205 -9 -9 -9 -9 -9 -9 -9 -9 -9
-9 -9 -9 -9 -9 -9 -9 -9 -9 -9 -9 -9 -9 -9 -9 -9 -9 -9 -9 -9 -9 -9 -9 -9 -9 -9 -9 -9 2.22044604925031e-16 2.22044604925031e-16 2.22044604925031e-16 2.22044604925031e-16 1.17004079085437e-13 4.21297802034541e-12 1.61485488310984e-11 4.27995130748164e-12 6.64242927703795e-15 2.22044604925031e-16 2.22044604925031e-16 2.15613646624563e-10 1.61795741719117e-05 0.000542299843742946 0.0461768424566002 0.163987004530133 0.113399276182193 0.105389590777549 0.134407605992035 0.0457404196699097 0.0270384351787931 0.0772931887946066 0.112205175297681 0.309368400244048 0.782808311283588 -9 -9 -9 -9 -9 -9 -9 -9 -9
