Inputs/climate_suitabilitya.asc
NCOLS 180 
NROWS 90 
XLLCORNER -180 
YLLCORNER -90 
CELLSIZE 2 
NODATA_value -9 
[rows 27 to 53 of 90, columns 62 to 123 of 180]
-9 -9 -9 -9 -9 -9 -9 -9 -9 -9 -9 -9 -9 -9 -9 -9 -9 -9 -9 -9 -9 -9 -9 -9 2.0718750504394e-12 2.41039187266881e-07 4.84520990338644e-07 1.00708265409889e-06 1.03462893372212e-05 0.000160019583763832 0.000474200617235479 0.000862858196024655 2.23117820601887e-05 2.46863949098775e-06 1.41762183634364e-12 -9 -9 -9 -9 2.22044604925031e-16 2.22044604925031e-16 2.22044604925031e-16 -9 1.09797051008401e-12 2.22044604925031e-16 2.22044604925031e-16 5.16560728077934e-14 2.22044604925031e-16 2.22044604925031e-16 2.22044604925031e-16 2.22044604925031e-16 1.52609556340326e-14 1.78173201636875e-14 2.33200718660341e-06 8.7999677702576e-06 2.22044604925031e-16 2.22044604925031e-16 2.22044604925031e-16 2.22044604925031e-16 2.22044604925031e-16 2.22044604925031e-16 1.30660299859641e-10
-9 -9 -9 -9 -9 -9 -9 -9 -9 -9 -9 -9 -9 -9 -9 -9 -9 -9 -9 7.32090791345323e-12 -9 -9 -9 2.22044604925031e-16 7.90975501272129e-11 2.41451493259738e-07 5.01912106502019e-07 1.0929825246443e-06 9.64783007093687e-06 2.23623104224552e-05 1.65050296968021e-06 1.64673840919354e-12 1.63037994471743e-09 5.4189336902859e-10 7.6812238812948e-13 2.22044604925031e-16 -9 -9 2.22044604925031e-16 2.22044604925031e-16 2.22044604925031e-16 -9 -9 2.22044604925031e-16 2.22044604925031e-16 2.22044604925031e-16 2.22044604925031e-16 2.22044604925031e-16 2.22044604925031e-16 2.22044604925031e-16 2.22044604925031e-16 2.22044604925031e-16 4.34788624956939e-14 1.49274538494727e-13 6.64939134409014e-15 2.22044604925031e-16 2.22044604925031e-16 2.22044604925031e-16 2.22044604925031e-16 2.22044604925031e-16 2.22044604925031e-16 2.65098574196812e-10
-9 -9 -9 -9 -9 -9 -9 -9 -9 -9 -9 -9 -9 -9 -9 -9 -9 -9 -9 -9 -9 -9 1.61288590989905e-11 4.31509411297112e-10 1.69588728397009e-10 1.65877155016628e-08 6.14528342309522e-08 1.28738992258239e-07 6.67840076258866e-10 3.18377277451823e-10 1.3481892261932e-11 2.22044604925031e-16 3.30432186935272e-13 1.36877355703812e-13 1.28205435192351e-13 2.22044604925031e-16 2.22044604925031e-16 2.22044604925031e-16 2.22044604925031e-16 2.22044604925031e-16 2.22044604925031e-16 2.22044604925031e-16 2.22044604925031e-16 2.22044604925031e-16 1.27315705259264e-14 4.39188657859216e-15 2.22044604925031e-16 2.22044604925031e-16 2.22044604925031e-16 2.22044604925031e-16 2.22044604925031e-16 2.22044604925031e-16 7.28979769384124e-15 3.07417320455017e-14 3.32752066286772e-15 2.22044604925031e-16 2.22044604925031e-16 2.22044604925031e-16 2.22044604925031e-16 2.22044604925031e-16 2.22044604925031e-16 2.28106234033482e-12
-9 -9 -9 -9 -9 -9 -9 -9 -9 -9 -9 -9 -9 -9 -9 -9 -9 -9 -9 4.1246909064556e-08 1.44336067243234e-11 2.22044604925031e-16 2.98494901096778e-13 6.53566771755671e-11 2.14874342317671e-11 2.22044604925031e-16 2.22044604925031e-16 2.22044604925031e-16 2.22044604925031e-16 2.22044604925031e-16 2.22044604925031e-16 2.22044604925031e-16 2.22044604925031e-16 2.22044604925031e-16 2.22044604925031e-16 2.22044604925031e-16 2.22044604925031e-16 2.22044604925031e-16 2.22044604925031e-16 2.22044604925031e-16 2.22044604925031e-16 2.22044604925031e-16 2.22044604925031e-16 1.25806218928591e-13 2.95083935865682e-08 1.76482779604116e-08 4.82540607923501e-12 1.07488076438538e-13 2.22044604925031e-16 2.22044604925031e-16 2.22044604925031e-16 2.22044604925031e-16 2.22044604925031e-16 2.22044604925031e-16 2.22044604925031e-16 2.22044604925031e-16 2.22044604925031e-16 2.22044604925031e-16 2.22044604925031e-16 2.22044604925031e-16 2.22044604925031e-16 2.22044604925031e-16
-9 -9 -9 -9 -9 -9 -9 -9 -9 -9 -9 -9 -9 -9 -9 -9 -9 -9 -9 2.47210279369131e-07 3.25002480575662e-12 2.22044604925031e-16 2.22044604925031e-16 2.22044604925031e-16 2.22044604925031e-16 2.22044604925031e-16 2.22044604925031e-16 2.22044604925031e-16 2.22044604925031e-16 2.22044604925031e-16 2.22044604925031e-16 2.22044604925031e-16 2.22044604925031e-16 2.22044604925031e-16 2.22044604925031e-16 2.22044604925031e-16 2.22044604925031e-16 2.22044604925031e-16 2.22044604925031e-16 2.22044604925031e-16 2.22044604925031e-16 2.22044604925031e-16 2.22044604925031e-16 7.43116806997525e-14 1.87179418842209e-09 7.15517466845057e-10 1.47939861873358e-11 3.22020140105763e-13 2.22044604925031e-16 2.22044604925031e-16 2.22044604925031e-16 2.22044604925031e-16 2.22044604925031e-16 2.22044604925031e-16 2.22044604925031e-16 2.22044604925031e-16 2.22044604925031e-16 2.22044604925031e-16 2.22044604925031e-16 2.22044604925031e-16 2.22044604925031e-16 2.22044604925031e-16
-9 -9 -9 -9 -9 -9 -9 -9 -9 -9 -9 -9 -9 -9 -9 -9 -9 -9 -9 -9 2.22044604925031e-16 2.22044604925031e-16 2.22044604925031e-16 2.22044604925031e-16 2.22044604925031e-16 2.22044604925031e-16 2.22044604925031e-16 2.22044604925031e-16 2.22044604925031e-16 2.22044604925031e-16 2.22044604925031e-16 2.22044604925031e-16 2.22044604925031e-16 2.22044604925031e-16 2.22044604925031e-16 2.22044604925031e-16 2.22044604925031e-16 2.22044604925031e-16 2.22044604925031e-16 2.22044604925031e-16 2.22044604925031e-16 2.22044604925031e-16 2.22044604925031e-16 2.22044604925031e-16 3.67418681222789e-11 1.84154911324535e-11 5.7561006428569e-12 1.69496458005202e-11 2.22044604925031e-16 2.22044604925031e-16 2.22044604925031e-16 2.22044604925031e-16 2.22044604925031e-16 2.22044604925031e-16 2.22044604925031e-16 2.22044604925031e-16 2.22044604925031e-16 2.22044604925031e-16 2.22044604925031e-16 2.22044604925031e-16 2.22044604925031e-16 2.22044604925031e-16
-9 -9 -9 -9 -9 -9 -9 -9 -9 -9 -9 -9 -9 -9 -9 -9 -9 -9 -9 2.22044604925031e-16 2.22044604925031e-16 2.22044604925031e-16 2.22044604925031e-16 2.22044604925031e-16 2.22044604925031e-16 2.22044604925031e-16 2.22044604925031e-16 2.22044604925031e-16 2.22044604925031e-16 2.22044604925031e-16 2.22044604925031e-16 2.22044604925031e-16 2.22044604925031e-16 2.22044604925031e-16 2.22044604925031e-16 2.22044604925031e-16 2.22044604925031e-16 2.22044604925031e-16 2.22044604925031e-16 2.22044604925031e-16 2.22044604925031e-16 2.22044604925031e-16 2.22044604925031e-16 2.22044604925031e-16 2.22044604925031e-16 5.58011938927911e-10 3.24874044773466e-10 4.20039035703629e-13 1.40161041637826e-13 2.22044604925031e-16 2.22044604925031e-16 2.22044604925031e-16 2.22044604925031e-16 2.22044604925031e-16 2.22044604925031e-16 2.22044604925031e-16 5.02513121667111e-14 1.24175132850997e-10 -9 -9 -9 -9
-9 -9 -9 -9 -9 -9 -9 -9 -9 -9 -9 -9 -9 -9 -9 -9 -9 -9 -9 2.22044604925031e-16 2.22044604925031e-16 2.22044604925031e-16 2.22044604925031e-16 2.22044604925031e-16 2.22044604925031e-16 2.22044604925031e-16 2.22044604925031e-16 2.22044604925031e-16 2.22044604925031e-16 2.22044604925031e-16 2.22044604925031e-16 2.22044604925031e-16 2.22044604925031e-16 2.22044604925031e-16 2.22044604925031e-16 2.22044604925031e-16 2.22044604925031e-16 2.22044604925031e-16 2.22044604925031e-16 2.22044604925031e-16 2.22044604925031e-16 2.22044604925031e-16 2.22044604925031e-16 2.22044604925031e-16 2.22044604925031e-16 1.64997095860727e-09 2.00248790161404e-09 2.51912399119715e-12 9.85898005153742e-09 5.57857634403783e-08 1.70478065047428e-13 2.22044604925031e-16 2.22044604925031e-16 2.22044604925031e-16 2.22044604925031e-16 8.67941585372503e-15 2.6276305227218e-11 3.61716728339497e-09 -9 -9 -9 -9
-9 -9 -9 -9 -9 -9 -9 -9 -9 -9 -9 -9 -9 -9 -9 -9 -9 -9 -9 2.22044604925031e-16 2.22044604925031e-16 2.22044604925031e-16 2.22044604925031e-16 2.22044604925031e-16 2.22044604925031e-16 2.22044604925031e-16 2.22044604925031e-16 2.22044604925031e-16 2.22044604925031e-16 2.22044604925031e-16 2.22044604925031e-16 2.22044604925031e-16 2.22044604925031e-16 2.22044604925031e-16 2.22044604925031e-16 2.22044604925031e-16 2.22044604925031e-16 2.22044604925031e-16 2.22044604925031e-16 2.22044604925031e-16 2.22044604925031e-16 2.22044604925031e-16 2.22044604925031e-16 2.22044604925031e-16 2.22044604925031e-16 9.20623571268114e-15 2.31372976973919e-10 2.22044604925031e-16 3.28618689287851e-09 1.97180005473945e-06 2.52172942452704e-07 1.56770378578455e-11 2.22044604925031e-16 2.22044604925031e-16 2.22044604925031e-16 1.34897845325132e-08 4.35483072084874e-06 1.44465073345351e-06 -9 -9 -9 -9
-9 -9 -9 -9 -9 -9 -9 -9 -9 -9 -9 -9 -9 -9 -9 1.37389774769082e-05 2.22044604925031e-16 -9 -9 2.22044604925031e-16 2.22044604925031e-16 2.22044604925031e-16 2.22044604925031e-16 2.22044604925031e-16 2.22044604925031e-16 2.22044604925031e-16 2.22044604925031e-16 2.22044604925031e-16 2.22044604925031e-16 2.22044604925031e-16 2.22044604925031e-16 2.22044604925031e-16 2.22044604925031e-16 2.22044604925031e-16 2.22044604925031e-16 2.22044604925031e-16 2.22044604925031e-16 2.22044604925031e-16 2.22044604925031e-16 2.22044604925031e-16 2.22044604925031e-16 2.22044604925031e-16 2.22044604925031e-16 2.22044604925031e-16 2.22044604925031e-16 2.22044604925031e-16 7.10874057403157e-15 2.08821325122447e-14 2.22044604925031e-16 7.83774463926194e-07 2.00281846174128e-06 3.01819941271488e-07 1.00541154002679e-08 4.52450155574918e-10 1.38164424889131e-08 1.8027942435671e-07 -9 -9 -9 -9 -9 -9
-9 -9 -9 -9 -9 -9 -9 -9 -9 -9 -9 -9 -9 -9 -9 3.93500539769796e-14 2.22044604925031e-16 2.22044604925031e-16 2.22044604925031e-16 2.22044604925031e-16 2.22044604925031e-16 2.22044604925031e-16 2.22044604925031e-16 2.22044604925031e-16 2.22044604925031e-16 2.22044604925031e-16 2.22044604925031e-16 2.22044604925031e-16 2.22044604925031e-16 2.22044604925031e-16 2.22044604925031e-16 2.22044604925031e-16 2.22044604925031e-16 2.22044604925031e-16 2.22044604925031e-16 2.22044604925031e-16 2.22044604925031e-16 2.22044604925031e-16 2.22044604925031e-16 2.22044604925031e-16 2.22044604925031e-16 2.22044604925031e-16 2.22044604925031e-16 2.22044604925031e-16 2.22044604925031e-16 2.22044604925031e-16 2.22044604925031e-16 2.22044604925031e-16 2.22044604925031e-16 3.88843823962994e-07 3.35183480003486e-06 9.91994781429655e-07 5.68337378415729e-08 1.29583346172406e-09 1.75353499923256e-09 -9 -9 -9 -9 -9 -9 -9
-9 -9 -9 -9 -9 -9 -9 -9 -9 -9 -9 -9 -9 -9 -9 -9 -9 -9 2.22044604925031e-16 2.22044604925031e-16 2.22044604925031e-16 2.22044604925031e-16 2.22044604925031e-16 2.22044604925031e-16 2.22044604925031e-16 2.22044604925031e-16 2.22044604925031e-16 2.22044604925031e-16 2.22044604925031e-16 2.22044604925031e-16 2.22044604925031e-16 2.22044604925031e-16 2.22044604925031e-16 2.22044604925031e-16 2.22044604925031e-16 2.22044604925031e-16 2.22044604925031e-16 2.22044604925031e-16 2.22044604925031e-16 2.22044604925031e-16 2.22044604925031e-16 2.22044604925031e-16 2.22044604925031e-16 2.22044604925031e-16 2.22044604925031e-16 2.22044604925031e-16 2.22044604925031e-16 2.22044604925031e-16 2.22044604925031e-16 1.17015692517038e-05 5.21238950125164e-05 5.91420276802344e-06 5.36563712133162e-08 5.50433398860406e-09 8.74036412457831e-05 0.000551606543012895 -9 -9 -9 -9 -9 -9
-9 -9 -9 -9 -9 -9 -9 -9 -9 -9 -9 -9 -9 -9 -9 -9 -9 -9 -9 -9 2.22044604925031e-16 2.22044604925031e-16 2.36283973103284e-12 6.16864038941553e-12 9.42537219491268e-12 6.00144573184788e-15 2.14102856638029e-14 1.50539049762815e-15 2.22044604925031e-16 2.22044604925031e-16 2.22044604925031e-16 2.22044604925031e-16 2.22044604925031e-16 2.22044604925031e-16 2.22044604925031e-16 2.22044604925031e-16 2.22044604925031e-16 2.22044604925031e-16 2.22044604925031e-16 2.22044604925031e-16 2.22044604925031e-16 2.22044604925031e-16 2.22044604925031e-16 2.22044604925031e-16 2.22044604925031e-16 2.22044604925031e-16 2.22044604925031e-16 2.22044604925031e-16 5.03087069100732e-14 3.86856840136456e-07 1.21533703371092e-10 1.16304619171366e-12 1.57587951238772e-11 1.90259004430296e-10 2.00714118679411e-10 -9 -9 -9 -9 -9 -9 -9
-9 -9 -9 -9 -9 -9 -9 -9 -9 -9 -9 -9 -9 -9 -9 -9 -9 -9 -9 -9 -9 2.22044604925031e-16 3.79000847544892e-10 7.97375583177732e-07 2.7389558140019e-07 5.27927078107659e-08 9.01851451304605e-08 1.07561005530629e-08 8.03214627312642e-11 5.30522639346475e-11 9.53719417109996e-12 5.95297164668483e-15 2.22044604925031e-16 6.05371655582054e-13 1.44729253488103e-12 1.07557779595429e-14 2.22044604925031e-16 2.22044604925031e-16 1.08744438873214e-14 3.77284436572383e-15 2.22044604925031e-16 2.22044604925031e-16 2.22044604925031e-16 2.22044604925031e-16 2.22044604925031e-16 3.20165773943769e-11 1.1899700051452e-08 2.83830523908889e-10 7.96714977376799e-11 1.53100681185165e-13 5.43099591268521e-14 2.22044604925031e-16 1.20761011144592e-13 1.49272555254043e-11 -9 -9 -9 -9 -9 -9 -9 -9
-9 -9 -9 -9 -9 -9 -9 -9 -9 -9 -9 -9 -9 -9 -9 -9 -9 -9 -9 -9 -9 2.22044604925031e-16 1.23971146191606e-10 2.6731484809956e-07 0.000179368359554002 0.000199758911080514 0.000127160976579553 0.000221180984428791 2.33045782123752e-05 3.20637204684722e-06 1.77292427560936e-07 1.15451359599586e-11 6.02939782329015e-14 2.01938581597301e-13 1.32893213195349e-10 2.66890099942412e-12 2.22044604925031e-16 2.22044604925031e-16 2.4091465381981e-10 2.47418252989823e-09 2.87552733088854e-09 2.22044604925031e-16 2.22044604925031e-16 2.22044604925031e-16 1.69625829435582e-13 4.17173446629879e-11 9.51352856921833e-08 1.95082510285964e-07 8.29228477207018e-11 2.22044604925031e-16 2.22044604925031e-16 2.22044604925031e-16 6.35918986271221e-13 9.26209008216457e-13 -9 -9 -9 -9 -9 -9 -9 -9
0.0053829132070502 9.12414851598745e-09 2.22044604925031e-16 -9 -9 -9 -9 -9 -9 -9 -9 -9 -9 -9 -9 -9 -9 -9 -9 -9 -9 -9 -9 1.26740852994678e-08 1.72303726083737e-05 2.19467220485763e-05 7.07589091421607e-05 0.000178359955487838 0.00068557956891545 -9 3.51617579345974e-06 2.75328151554717e-07 1.28878810607082e-08 3.09818837486881e-08 8.36173246669245e-08 2.94904550461791e-06 0.000128525051702675 0.000287536457823311 8.28165736188654e-06 2.14009425529245e-06 2.43423007210584e-06 9.80851259703799e-07 5.96143925598262e-07 2.1052903087398e-07 2.28128000830482e-09 2.03675843042963e-09 1.96235279388589e-11 2.2111369877534e-13 2.22044604925031e-16 2.22044604925031e-16 2.22044604925031e-16 3.89186655832068e-12 3.57901444592024e-11 -9 -9 -9 -9 -9 -9 -9 -9 -9
5.67569205204658e-06 2.46873463752015e-08 1.38180050242551e-12 -9 -9 -9 -9 -9 -9 -9 -9 -9 -9 -9 -9 -9 -9 -9 -9 -9 -9 -9 -9 -9 1.11160249523697e-09 -9 -9 -9 -9 -9 -9 8.66958496558018e-05 1.7440774006017e-07 1.05342178870441e-05 0.00103554243079638 0.00239905671647615 0.00860592671573575 0.0095414537991024 0.0039234270777801 0.00162306099161135 0.00109342769360041 0.000635431332960056 0.00103459852999717 0.000235179010308779 9.40376388620433e-06 3.53313198361227e-08 2.76554710659111e-13 6.43551762805987e-13 2.22044604925031e-16 3.56516036993518e-14 2.12691690045654e-08 1.35272471842554e-07 -9 -9 -9 -9 -9 -9 -9 -9 -9 -9
7.07435484179236e-07 4.77452553341384e-08 1.74200035586606e-11 2.22044604925031e-16 -9 -9 -9 -9 -9 -9 -9 -9 -9 -9 -9 -9 -9 -9 -9 -9 -9 -9 -9 -9 -9 -9 -9 -9 -9 -9 -9 0.00149952077319742 0.00863921142813304 0.00189734031553001 0.0209054288342315 0.135389006767279 0.194936908136663 0.124965387716836 0.0793042000365892 0.0747884631684743 0.123128129780458 0.0856656357248169 0.0403036589423658 0.006566447310852 0.0134647333359324 0.000571394789478061 1.2782637475189e-11 2.22044604925031e-16 1.50746543973029e-14 1.17314298855767e-09 4.37480529291401e-08 2.7052159359598e-07 -9 -9 -9 -9 -9 -9 -9 -9 -9 -9
5.77677644520538e-07 3.55340545550651e-09 9.82193060710522e-10 4.21274802172465e-11 6.60969629526689e-12 2.5800976252788e-13 3.90768450583834e-12 2.22044604925031e-16 -9 -9 -9 -9 -9 -9 -9 -9 -9 -9 -9 -9 -9 -9 -9 -9 -9 -9 -9 -9 -9 -9 -9 -9 2.52695561623574e-06 0.000125904395957629 0.0418073396807347 0.390083864035356 0.6340304804207 0.553851122381511 0.36174606255911 0.359495928419041 0.489135320309872 0.436251211471649 0.0849883303621733 0.00483660079717112 0.0168057008053626 0.00125050064267259 6.02863753657539e-07 1.08507564689179e-08 3.71442472161394e-09 3.68905461733959e-10 -9 -9 -9 -9 -9 -9 -9 -9 -9 -9 -9 -9
3.86023360937234e-07 4.48772041115068e-08 2.93218385350424e-09 6.99460801936003e-11 2.39545962791974e-11 1.48773247644112e-12 1.95395327522163e-12 2.22044604925031e-16 2.22044604925031e-16 -9 -9 9.3836792502966e-11 -9 -9 -9 -9 -9 -9 -9 -9 -9 -9 -9 -9 -9 -9 -9 -9 -9 -9 -9 -9 8.85077054107215e-09 2.26997479510495e-05 0.00789071311233574 0.129232111116557 0.25384290949765 0.441266702005157 0.678481614838044 0.61870798661753 0.552127793447216 0.193169600129805 0.0200107657247533 3.79083868666405e-06 3.62788315929276e-05 1.15225590851708e-05 1.10844694204024e-06 4.0474396336043e-06 2.40722456037075e-07 -9 -9 -9 -9 -9 -9 -9 -9 -9 -9 -9 -9 -9
1.61890888289645e-07 1.91192757326003e-08 4.74687480927485e-10 7.44169739557955e-13 4.72255396188917e-08 1.21516949592874e-07 1.45500091741772e-11 2.22044604925031e-16 2.22044604925031e-16 2.22044604925031e-16 1.81907669019599e-06 -9 -9 -9 -9 -9 -9 -9 -9 -9 -9 -9 -9 -9 -9 -9 -9 -9 -9 -9 -9 -9 -9 5.84881161452293e-09 6.28196341226298e-06 0.000152572391428763 0.000852336936241824 0.0862562473084387 0.11730917181815 0.101921652640757 0.0593772365573021 0.00456778946284795 0.000246655616161009 7.55250387226667e-10 2.789588089125e-11 2.73339033732435e-14 4.60139985794021e-05 0.000300358355215756 0.000217396922615267 -9 -9 -9 -9 -9 -9 0.0149506006079415 -9 -9 -9 -9 -9 -9
2.70935411752328e-10 2.63222873896579e-11 2.51203586916186e-12 1.96596787473027e-12 9.27954377319636e-13 1.30502201608106e-12 9.8917163577049e-13 9.26565077794724e-12 1.10192557673455e-07 5.93393851022479e-06 5.3283762280877e-06 -9 -9 -9 -9 -9 -9 -9 -9 -9 -9 -9 -9 -9 -9 -9 -9 -9 -9 -9 -9 -9 -9 -9 4.29213761506452e-10 9.2884717012703e-09 4.92513946710395e-07 3.44691430758232e-05 2.69284915540293e-05 1.54251486562105e-05 7.6189781787678e-09 4.73215758490237e-09 5.08123013678444e-09 3.70721254735828e-13 2.22044604925031e-16 2.22044604925031e-16 1.38982608678709e-07 5.63409721064959e-05 7.45701281412701e-05 -9 -9 -9 -9 -9 -9 -9 -9 -9 -9 -9 -9 -9
1.4002880281872e-08 3.15255463357141e-08 6.75757692157055e-09 3.28794981295878e-13 7.37575810967006e-09 2.53576678368797e-10 1.17940595535058e-10 0.00025449971315854 0.00194877255998692 0.000429626950153325 0.000115178280745217 -9 -9 -9 -9 -9 -9 -9 -9 -9 -9 -9 -9 -9 -9 -9 -9 -9 -9 -9 -9 -9 -9 -9 1.28464094258337e-12 2.31831788775636e-11 7.12518800707182e-12 1.77808259913249e-10 1.41148254677058e-09 8.01683393332991e-09 1.76485205454815e-08 2.88020962048797e-10 2.74302042598142e-12 2.22044604925031e-16 2.22044604925031e-16 2.22044604925031e-16 5.12127362873152e-12 4.86773230843378e-09 9.72246411891157e-09 -9 1.47555226703844e-06 -9 -9 -9 -9 -9 -9 -9 -9 -9 -9 -9
5.41710557133345e-09 4.89171616601539e-08 9.62169292418239e-08 4.44560869566199e-08 4.95145452817822e-09 1.77999691017014e-08 1.9387807869799e-08 0.0258625488875475 0.120305008678368 0.0169813598795726 -9 -9 -9 -9 -9 -9 -9 -9 -9 -9 -9 -9 -9 -9 -9 -9 -9 -9 -9 -9 -9 -9 -9 -9 3.07951851785583e-14 1.82181291772865e-13 3.03019864206052e-14 1.76971821344755e-15 4.99023136362198e-15 5.19370923640153e-14 1.47714784920599e-13 1.25654213114748e-14 2.56335025088652e-15 2.22044604925031e-16 1.12239848953581e-14 3.88935803506937e-15 6.87771015420525e-14 1.44798873195629e-09 6.15798872004063e-06 0.00471735002550607 0.000803340453273904 2.45998268289203e-07 1.73160327764967e-13 -9 -9 -9 -9 -9 -9 -9 -9 -9
1.21130727546835e-08 3.87925739199473e-08 3.45129002825244e-08 8.35471176097923e-09 8.48765718373962e-10 2.79045267474074e-11 1.55653646352001e-14 0.0789719683150291 0.401879638500422 0.29017753011754 -9 -9 -9 -9 -9 -9 -9 -9 -9 -9 -9 -9 -9 -9 -9 -9 -9 -9 -9 -9 -9 -9 -9 -9 1.75663730587075e-15 5.44586010486885e-14 1.67663040519005e-14 2.22044604925031e-16 2.22044604925031e-16 2.22044604925031e-16 2.22044604925031e-16 2.22044604925031e-16 2.22044604925031e-16 2.22044604925031e-16 2.22044604925031e-16 2.22044604925031e-16 2.22044604925031e-16 6.24781725519702e-13 4.64036145829049e-08 -9 0.000118935528638657 2.96024459418249e-08 0.0016702998742434 0.0197535448393304 -9 -9 -9 -9 -9 -9 -9 -9
3.86086635444043e-07 2.56583660532375e-08 1.30463880640111e-08 4.46021966197005e-08 1.08284997761701e-08 4.54371904277983e-11 2.22044604925031e-16 0.130147167972656 0.463267660596304 0.16784870189925 -9 -9 -9 -9 -9 -9 -9 -9 -9 -9 -9 -9 -9 -9 -9 3.18093043460976e-06 -9 -9 -9 -9 -9 -9 -9 2.22044604925031e-16 2.22044604925031e-16 2.22044604925031e-16 2.22044604925031e-16 2.22044604925031e-16 2.22044604925031e-16 2.22044604925031e-16 2.22044604925031e-16 2.22044604925031e-16 2.22044604925031e-16 2.22044604925031e-16 2.22044604925031e-16 1.0157782681431e-09 9.47008584028792e-10 1.71008659836333e-10 5.8147690721296e-13 -9 2.22044604925031e-16 5.45502234882741e-12 0.0122705561970442 0.0726770947454497 -9 0.143753401935101 -9 0.0019078659825027 -9 -9 -9 -9
1.93349536357216e-05 7.41544176606644e-07 5.46337787546322e-08 2.13014406020295e-08 3.26776080754011e-09 3.32544404146525e-12 3.79335329045823e-13 0.147818603779988 0.496630684921035 -9 -9 -9 -9 -9 -9 -9 -9 -9 -9 -9 -9 -9 -9 -9 -9 -9 -9 -9 -9 -9 -9 -9 -9 2.22044604925031e-16 2.22044604925031e-16 2.22044604925031e-16 2.22044604925031e-16 2.22044604925031e-16 2.22044604925031e-16 2.22044604925031e-16 2.22044604925031e-16 2.22044604925031e-16 2.22044604925031e-16 2.22044604925031e-16 2.22044604925031e-16 7.60030704416883e-09 7.22013941217898e-07 1.17503487163286e-07 3.98131810745895e-11 2.22044604925031e-16 2.22044604925031e-16 2.17378353993901e-10 0.00404240670064586 0.0363367144949734 -9 -9 -9 0.00205943746388786 -9 -9 -9 -9
