Inputs/climate_suitabilitya.asc
NCOLS 45 
NROWS 36 
XLLCORNER 110 
YLLCORNER -45 
CELLSIZE 1 
NODATA_value -9 
[rows 0 to 33 of 36, columns 0 to 44 of 45]
-9.000000000000000 -9 -9 -9 -9 -9 -9 -9 -9 -9 -9 -9 -9 -9 -9 -9 -9 -9 -9 -9 -9 -9 -9 -9 -9 -9 -9 -9 -9 -9 -9 0.01837022 0.00798150285727536 -9 -9 -9 -9 0.00488252818129244 0.0121465708486771 0.0147754407906192 0.00138436389511599 0.00127624022613169 0.0009873076 -9 -9
-9 -9 -9 -9 -9 -9 -9 -9 -9 -9 -9 -9 -9 -9 -9 -9 -9 -9 -9 -9 -9 -9 -9 -9 -9 -9 -9 -9 -9 -9 -9 -9 -9 -9 -9 -9 -9 -9 -9 -9 0.00985945092857159 0.00342469707248683 0.0009873076 -9 -9
-9 -9 -9 -9 -9 -9 -9 -9 -9 -9 -9 -9 -9 -9 -9 -9 -9 -9 -9 -9 -9 -9 -9 -9 8.54396996728057e-07 4.54372391311079e-08 -9 -9 -9 -9 -9 -9 0.000128837791726035 8.38827198599594e-05 -9 -9 -9 -9 -9 -9 -9 -9 -9 -9 -9
-9 -9 -9 -9 -9 -9 -9 -9 -9 -9 -9 -9 -9 -9 -9 -9 -9 -9 -9 -9 -9 -9 4.29173955003961e-10 4.06782437931749e-07 6.92465126617103e-07 1.74966103453576e-07 3.42311888515122e-07 -9 -9 -9 -9 -9 6.14052708845964e-17 1.00872836768018e-16 -9 -9 -9 -9 -9 -9 -9 -9 -9 -9 -9
-9 -9 -9 -9 -9 -9 -9 -9 -9 -9 -9 -9 -9 -9 -9 -9 -9 -9 -9 -9 -9 6.18627663558181e-11 4.62553607702372e-10 2.41388819211162e-08 1.23161918531112e-07 4.64644796668876e-07 4.89604209895825e-07 -9 -9 -9 -9 1.84683750665188e-09 5.08180651910955e-09 2.7628376980898e-10 -9 -9 -9 -9 -9 -9 -9 -9 -9 -9 -9
-9 -9 -9 -9 -9 -9 -9 -9 -9 -9 -9 -9 -9 -9 -9 -9 -9 -9 2.60877440753088e-10 5.16431060026455e-11 1.19976719242811e-05 5.15080055770211e-05 1.40819313179995e-05 2.51057642448935e-06 2.78991799306469e-06 1.19180552761545e-07 2.61813558214804e-07 -9 -9 -9 -9 3.83442847937255e-09 1.0477336889438e-08 1.01559139678888e-09 3.39545175704167e-07 -9 -9 -9 -9 -9 -9 -9 -9 -9 -9
-9 -9 -9 -9 -9 -9 -9 -9 -9 -9 -9 -9 -9 -9 -9 -9 -9 1.52058442022905e-05 4.02330128182104e-10 9.30239124940838e-07 2.32841080822383e-05 7.14858475083386e-05 8.1494419620812e-06 5.29175716922233e-06 1.11583202195769e-05 5.57615033624669e-06 2.60733850071421e-07 7.62392290990079e-07 -9 -9 -9 8.04333137875e-10 2.69645632674741e-10 7.00847061917729e-10 1.18058627974942e-06 -9 -9 -9 -9 -9 -9 -9 -9 -9 -9
-9 -9 -9 -9 -9 -9 -9 -9 -9 -9 -9 -9 -9 -9 9.72086175e-11 1.68019433457075e-06 3.67542052110857e-07 1.15285674440455e-05 2.11553345900212e-05 3.57983267205768e-05 6.0949673137973e-06 1.1714097397829e-34 0 1.73606650946275e-06 7.71380586045397e-06 9.55629617107379e-06 8.42281225715129e-05 5.99205870480464e-05 2.48939794784295e-07 4.33746805326292e-08 1.8190708e-08 6.42488737873931e-11 7.85649157620854e-11 4.47448923996863e-11 7.93278127169738e-05 0.00984120966977252 -9 -9 -9 -9 -9 -9 -9 -9 -9
-9 -9 -9 -9 -9 -9 -9 -9 -9 -9 -9 -9 2.74243753333333e-10 3.37634850691475e-07 1.70564362201201e-06 8.93722234267617e-07 1.53927867978051e-07 3.36514915647168e-06 1.72766261609471e-05 2.84025829297936e-05 0 0 0 0 0 2.81337065230285e-06 6.86608586367261e-05 0.000170316452527237 0.000220726168410641 8.06828388574829e-05 4.87866322659821e-06 5.79404376794872e-10 5.02157473827307e-06 6.7893817818079e-07 0.000161881851304847 0.0135792231752232 1.25823084333333e-07 -9 -9 -9 -9 -9 -9 -9 -9
-9 -9 -9 -9 -9 -9 -9 -9 -9 -9 -9 5.513708782e-07 1.50440787002031e-07 1.18354659262922e-07 1.01144833607862e-06 1.14589635448607e-07 5.24733941663269e-36 0 0 0 0 0 0 0 0 0 0 7.33686765698908e-05 0.000133061492076986 4.86360530751828e-05 9.3761205078858e-06 7.77787465265516e-05 1.61779887137323e-05 1.52289159888547e-06 6.24313811128254e-05 0.00409776443749391 0.00648233936679663 -9 -9 -9 -9 -9 -9 -9 -9
-9 -9 -9 -9 -9 -9 -9 -9 -9 5.76240238888892e-07 1.96910495833332e-07 2.10641288980844e-07 4.23757431149513e-08 0 0 0 0 0 1.05243663152884e-06 1.3330720920861e-05 1.34664686649784e-05 1.82733594510925e-05 0 0 0 0 2.17892865970241e-06 1.60496696397595e-06 2.41748070085466e-06 3.1436957868946e-06 3.45467736847786e-06 3.3772218404589e-05 5.71000097328082e-06 5.53113492100407e-06 9.60342858033175e-06 0.000201768873645368 0.00261415896729478 4.09785797619016e-08 2.2449135e-07 -9 -9 -9 -9 -9 -9
-9 -9 -9 -9 -9 -9 -9 3.66241356746034e-31 1.38529888833943e-06 1.25195461031747e-06 4.20748922720793e-08 2.27677988485281e-08 0 0 0 0 0 0 3.13225187955011e-07 8.84928179434791e-06 3.9108683310167e-05 3.50788621608935e-05 2.77188298510379e-05 1.87644854194366e-05 9.58457281272542e-06 3.10541041754169e-05 6.03754775714133e-05 7.67121929273128e-05 4.94927133974364e-05 3.89945460494053e-05 9.06658080563501e-06 0 0 4.47765640375074e-06 1.47859462715759e-05 1.21815258494152e-05 2.98778277208977e-05 2.99004236684908e-05 0.000120786622978859 -9 -9 -9 -9 -9 -9
-9 -9 -9 -9 0 0 3.57428094880214e-32 5.32392896569834e-32 2.3080389630986e-07 2.70112306368063e-05 1.93349358860401e-05 2.61534662867998e-07 0 0 1.3507891285669e-44 1.56674601119049e-45 0 2.74908221272547e-06 4.36587307692308e-05 4.20502176161308e-05 3.15368774247087e-05 3.3871725925515e-05 4.22336483191659e-05 3.64743555442339e-05 4.48986080136065e-05 5.24745765573309e-05 7.5839077292825e-05 0.000109514449943246 0.000122803641120099 0.00010509959522393 4.68841957288623e-05 1.01818526963777e-05 2.81613206377089e-05 2.14523158027941e-05 1.77598250897242e-05 1.7010244608597e-05 1.58494539725049e-05 3.16033468386017e-05 0.000148300017655897 0.000502809753333333 -9 -9 -9 -9 -9
-9 -9 -9 0 0 0 4.67593936507935e-07 1.82363698107448e-06 3.14461398306064e-06 4.85185862167519e-05 0.000115706653275897 0.000117066342554335 2.95897827222229e-05 7.39886963736263e-07 3.85588583150188e-07 7.10429195395081e-07 1.92844309742193e-05 3.51571237638177e-05 4.95389199084251e-05 3.17276233577533e-05 3.92692307956858e-05 5.11645139899607e-05 5.04803329258678e-05 4.6645762535896e-05 4.9471713723528e-05 5.02065335168906e-05 7.67183206251522e-05 0.000115372423099519 7.36044296417461e-05 3.02852630614574e-05 3.49083142442873e-05 4.6089934654762e-05 2.95836706234504e-05 1.79910729811018e-05 1.80050530485609e-05 2.46865875557998e-05 3.76410724778187e-05 6.54328736141641e-05 0.0001054358740603 0.0143667470479012 0.047310714 -9 -9 -9 -9
-9 -9 -9 1.2880682460928e-06 2.85831974620618e-07 9.25692509618775e-07 2.02742550788043e-06 3.26505471802136e-06 4.30409450653088e-06 5.84807385553735e-05 0.000125089943615733 6.5632063012376e-05 2.49786424854328e-05 2.45436350601649e-05 2.64826764016913e-05 5.70652384699539e-05 0.000100574071346713 0.000118703563098502 4.10328156661994e-05 3.88977868284493e-05 5.08990343380214e-05 5.50837388549722e-05 7.28002320351468e-05 0.000123542898011071 9.82989382966662e-05 4.14627363028934e-05 3.50257395339298e-05 3.3371129734346e-05 2.1543867008363e-05 1.18799574117451e-05 1.19774551678387e-05 4.24271435669516e-05 3.82391428544644e-05 3.80306916460544e-05 5.61641195835187e-05 3.15911396812147e-05 8.3566210901099e-05 0.000113107948950096 0.000186034158751186 0.00187658936406696 0.00678510001399441 0.008809707675 -9 -9 -9
-9 -9 -9 2.37124008654069e-05 1.85573299426653e-06 1.96472894159957e-06 5.62723387089897e-06 1.56340630189823e-05 1.21221654805825e-05 6.90095267877795e-06 1.77174595194681e-05 1.62595769284509e-05 4.07658299845338e-05 4.4194822881563e-05 0.00012673962097957 0.000330197890912161 0.000139109829306999 0.000126414264627699 8.02727416420212e-05 4.33319896754172e-05 4.50034384840743e-05 7.61632977309914e-05 0.000247756345746102 0.000534949654491135 0.000289225799504961 0.000128283617745049 0.000122265361239599 0.0001265995 0.000104802141992918 4.63642996634702e-05 1.99410639301769e-05 4.43087201426282e-05 4.49207093185994e-05 5.1594518451776e-05 4.81506555693485e-05 5.96939191237812e-05 0.000552958842913219 0.000899718973115805 0.00136862053420518 0.00141607366306925 0.0117635808572318 0.0907262935194523 0.110746996988395 0.182559762913897 -9
-9 -9 -9 9.31134297325738e-06 7.33070892123322e-06 2.47030298520655e-05 0.000115082050731544 0.000286675401676047 0.000229930464002134 5.02454762549251e-05 2.57072909838557e-05 2.24902223530503e-05 5.77971043930265e-05 0.000116404526498168 0.000145319859059354 0.000165494609394078 0.000207414729703727 0.000140188449767458 0.000361217993218019 0.000131100838285705 0.000200314393031524 0.000126855460214128 9.78745295191954e-05 0.000116201663146271 0.000159721528992403 0.000139523359328449 0.000137842158180708 0.000130254271550672 0.000165206795395468 0.000136296643850722 4.74451481525242e-05 1.94986947187119e-05 3.33472957515574e-05 4.09625158812575e-05 4.24132252451041e-05 0.000142192175683115 0.000494264961614001 0.000854529323969948 0.00103693907406616 0.00146222955161781 0.00304819310259456 0.0121122496525367 0.305731916285967 -9 -9
-9 -9 -9 1.83721985288804e-05 3.85660256716237e-05 9.38889446181214e-05 0.000339496852818604 0.000540488038365601 0.000536347031995331 0.000240276801094357 8.04597471526595e-05 6.85265417019213e-05 8.46513459404724e-05 0.000126837422997663 0.000183203637461941 0.000288919642146023 0.000394754766191858 0.000137405150700907 0.000235024456937283 0.000413194573546555 0.00081013864845591 0.000243623491321724 0.000117830484848495 9.59857063587189e-05 0.000160138331543601 0.000186590170479129 0.000212483644674701 0.000165967818820829 0.000131603895660562 0.000195814162916925 0.000148114385277784 4.9925106313543e-05 4.55239185281377e-05 4.39337874213585e-05 4.86819785991632e-05 0.000310790005565731 0.000672617576283171 0.000544384138698726 0.000787619153799722 0.00108864388217035 0.00138094412503053 0.00353010618173767 0.262501084563162 -9 -9
-9 -9 -9 0.000295349994483487 0.000217995367343288 0.000228650166547 0.000334257708777337 0.000212887520828591 0.000391502598929363 0.000313329831099817 0.000222561460373457 0.000142467655987346 0.00012467721054737 0.000165872797834659 0.000255480446691574 0.000350499470170229 0.000550646807935828 0.000259327061947214 0.00037152522267045 0.00040876307 0.000433500555094087 0.000456145097221791 0.000180919964834861 0.000241416718520862 0.000360475042640753 0.000192088705516212 0.000186052673586276 0.000187908135750011 0.000145524378518926 0.000166179360659464 0.000141136431405893 6.53869115648148e-05 6.82453411199835e-05 5.89758265117625e-05 6.23130026030498e-05 0.000130407811466162 0.000234116381056273 0.000418851486358429 0.00061746360488121 0.000814103224848107 0.000968010149166661 0.00363966926272211 0.205203554071847 0.367958115506817 -9
-9 -9 -9 -9 0.000388034394997354 0.000593174370291046 0.000760595840020371 9.73671192529543e-05 0.000235797993833332 0.000445518002081129 0.000431187921111112 0.000261144607843958 0.000243787414239775 0.000338935992111905 0.00042785872613956 0.000402682505221383 0.000437493103324515 0.000456274939459877 0.000449123136138889 0.000418628696333333 0.000469962022771164 0.000800819655895058 0.0011835727469246 0.00134480460125661 0.000729749017026753 0.000289437330074958 0.000195661719774031 0.000149789451298868 0.00013654271159612 0.00014752321925485 0.000239558715736331 0.000180054098694445 0.000174132939438007 0.000102423529016932 8.49116704656085e-05 9.33806738606703e-05 0.000239375972544092 0.000441074920761894 0.00101391132395679 0.000867364429977956 0.000981329807380942 0.00207734506801585 0.100055194646192 0.239622795420194 -9
-9 -9 -9 -9 0.0019355493886397 0.00130313355801022 0.00057500422034843 0.000459660013110514 0.000158374511217112 0.000414851755618247 0.000932173089600346 0.000802219231332996 0.000408538525245514 0.00043741956442735 0.000408966854906014 0.000436986025081249 0.000595076307305204 0.00055962761279177 0.000574622554591783 0.00050548770185402 0.00063981294446065 0.00172360250829235 0.00172725803534632 0.00141362830277727 0.00090575440994256 0.000499383616868936 0.000259436280843844 0.000220290197234018 0.000194624966575182 0.000212697540527563 0.000381135472200288 0.000408734948910257 0.000487755071513958 0.000173162042787038 0.000146361399895198 0.000125012036080172 0.000396687407546391 0.000420300637598694 0.000631717872565158 0.000650690319503079 0.00120646284982903 0.00219838691195749 0.163526187781235 0.328974776025064 -9
-9 -9 -9 -9 0.0580692336152422 0.0381462124244722 0.000904817692468572 0.00060542226350156 0.00032895138965751 0.000185215941410053 0.000632648660267485 0.00115290487976996 0.000820847936034757 0.000630338119341881 0.000495478603260188 0.000633077758074323 0.000514010913256457 0.00117951084222086 0.00165137353806933 0.000926878217208984 0.000421429760945861 0.00124601724804696 0.00105157112712818 0.000747641500873447 0.000436569644394981 0.000280477723718735 0.000160808949795696 0.000252740720356634 0.00278135546620726 0.00134688634277155 0.000280760968380138 0.000452371508703704 0.00117959443173803 0.000627683939389209 0.000243311726434695 0.000790086983078415 0.000622385042179487 0.00056616616059422 0.000794360819410142 0.00108932909653396 0.00143344823960313 0.0023627157078805 0.0891092686461563 -9 -9
-9 -9 -9 -9 -9 0.081654495074069 0.00815803339009392 0.000684139878434677 0.000792588869767604 0.00129503408564153 0.00114344865806624 0.00188696245760887 0.00289733766732601 0.00436194092176924 0.00195166716451346 0.0022054715027615 0.00474104897079364 0.0196493982457026 0.125101549545189 0.0040258533123602 0.00500574954772284 0.00648445613806464 0.00824774964625598 0.00190182175701048 0.000219934969750429 7.62138322034194e-05 4.55517676022116e-05 9.24009122165782e-05 0.00341498843225964 0.00171190768637003 0.000334897303923077 0.000546730115333333 0.00177798698834213 0.00196636825405135 0.000453365623275945 0.000722057147563696 0.000816023035319495 0.000780848877222211 0.00139451539648148 0.00123007636797654 0.00160464964822341 0.00173512329308238 0.277739343444213 -9 -9
-9 -9 -9 -9 -9 0.0367963820650863 0.0244159186990954 0.000691607469550321 0.000814200357308962 0.00133757426131998 0.00392001791624446 0.0122649010184882 0.0103630087261503 0.00676720248687118 0.0026095324177933 0.00325468769216128 0.00841652119365075 0.0350954639876539 0.229940033562171 0.00637155757539682 0.009214464 0.0118454464384919 0.0152037089107144 0.0288598198621464 0.0434950611431828 0.00444955984852712 0.00182045477661068 0.00203697885049751 0.00177331353347185 0.0014596437464004 0.000519064922367993 0.0023105318078889 0.0045427744886063 0.00660702339589118 0.00146654137929895 0.000746460647346019 0.000962223547348753 0.000943558074861994 0.001564588918899 0.00116588083654403 0.0440731460465524 0.242724453259997 0.495714841293287 -9 -9
-9 -9 -9 -9 -9 0.523972839090513 0.0104373778350972 0.00233187911689114 0.0101173045980847 0.0156091504252525 0.0704742685174284 0.195698202126589 0.17111254915523 0.111291968234113 0.0173918645385327 -9 -9 -9 -9 -9 -9 -9 -9 -9 0.124509887202617 0.0965288200703069 0.0265779314923687 0.0100717020217341 0.00548662145842301 0.000983958622413823 0.000880565852350088 0.00842104787937322 0.0142921748767016 0.0148326066988717 0.000860718421845637 0.000321310524186225 0.00053456827824764 0.000821683353029852 0.00287450449890329 0.0262260574537964 0.189731230421879 0.517925436724687 -9 -9 -9
-9 -9 -9 -9 -9 0.578219184340878 0.190332990175114 0.224811258139963 0.161184048714601 0.0392625515708996 0.101706416551481 0.280929406836419 0.246579021320547 0.161776511083333 -9 -9 -9 -9 -9 -9 -9 -9 -9 -9 0.235928401401076 0.246077436184697 0.217257230215478 0.185228385360089 0.136378897978169 0.0287815180678428 0.00194641265304391 0.00541548983488602 0.00626733940139959 0.00460847282705009 0.00071919487580916 0.000314573223038598 0.000420474079969196 0.000523843294206833 0.00218407540400124 0.010442724553286 0.111375397913016 0.294640938492062 -9 -9 -9
-9 -9 -9 -9 -9 -9 0.25579811255291 0.301219191190476 0.211699265978837 -9 -9 -9 -9 -9 -9 -9 -9 -9 -9 -9 -9 -9 -9 -9 -9 0.282838930052909 0.466229120352731 0.406043728022487 0.346515406373831 0.125320326410326 0.00609314023382669 0.00241138026938272 0.00109633468069011 0.00036071554527711 0.000518816341358256 0.00125189733445045 0.00198711452587108 0.00576527403773667 0.0172252267778751 0.0907179490602677 0.25910157378949 -9 -9 -9 -9
-9 -9 -9 -9 -9 -9 -9 -9 -9 -9 -9 -9 -9 -9 -9 -9 -9 -9 -9 -9 -9 -9 -9 -9 -9 -9 -9 -9 -9 0.162960421509393 0.0123203205709866 0.00110216411987891 0.000935631993535698 0.000976783790162054 0.00718067253746679 0.0106367755338256 0.00571033701802061 0.004229543455765 0.0315915108678443 0.110317419710936 0.229084354876371 -9 -9 -9 -9
-9 -9 -9 -9 -9 -9 -9 -9 -9 -9 -9 -9 -9 -9 -9 -9 -9 -9 -9 -9 -9 -9 -9 -9 -9 -9 -9 -9 -9 0.461790424362104 0.149691366655108 0.0232620320992521 0.0419649403804743 0.0800612989063682 0.0800450353544131 0.104484311055642 0.0197860124736842 0.025555440662698 0.123166192439395 0.486046764837297 0.689394622596159 -9 -9 -9 -9
-9 -9 -9 -9 -9 -9 -9 -9 -9 -9 -9 -9 -9 -9 -9 -9 -9 -9 -9 -9 -9 -9 -9 -9 -9 -9 -9 -9 -9 -9 -9 -9 0.36242301 -9 0.637509845408166 0.307088987315639 0.280672921526935 0.7927394 -9 -9 -9 -9 -9 -9 -9
-9 -9 -9 -9 -9 -9 -9 -9 -9 -9 -9 -9 -9 -9 -9 -9 -9 -9 -9 -9 -9 -9 -9 -9 -9 -9 -9 -9 -9 -9 -9 -9 -9 -9 -9 -9 0.762239764021164 0.7927394 0.7927394 -9 -9 -9 -9 -9 -9
-9 -9 -9 -9 -9 -9 -9 -9 -9 -9 -9 -9 -9 -9 -9 -9 -9 -9 -9 -9 -9 -9 -9 -9 -9 -9 -9 -9 -9 -9 -9 -9 -9 -9 0.791548741747254 0.550113524119048 0.374257357576058 0.342249192318118 -9 -9 -9 -9 -9 -9 -9
-9 -9 -9 -9 -9 -9 -9 -9 -9 -9 -9 -9 -9 -9 -9 -9 -9 -9 -9 -9 -9 -9 -9 -9 -9 -9 -9 -9 -9 -9 -9 -9 -9 -9 0.755598646462083 0.43616766966167 0.337861738834877 0.362959779510211 0.543816876858711 -9 -9 -9 -9 -9 -9
-9 -9 -9 -9 -9 -9 -9 -9 -9 -9 -9 -9 -9 -9 -9 -9 -9 -9 -9 -9 -9 -9 -9 -9 -9 -9 -9 -9 -9 -9 -9 -9 -9 -9 -9 0.0427297560611784 0.29442435927784 0.519694478614165 0.48271369 -9 -9 -9 -9 -9 -9
